# Camera parameter file. 

# The format of each camera is as follows:
# Filename (of the undistorted image in visualize folder)
# Original filename
# Focal Length (of the undistorted image)
# 2-vec Principal Point (image center)
# 3-vec Translation T (as in P = K[R T])
# 3-vec Camera Position C (as in P = K[R -RC])
# 3-vec Axis Angle format of R
# 4-vec Quaternion format of R
# 3x3 Matrix format of R
# [Normalized radial distortion] = [radial distortion] * [focal length]^2
# 3-vec Lat/Lng/Alt from EXIF

# The nubmer of cameras in this reconstruction
16

00000000.jpg
C:\Users\james_000\Desktop\SLAM_Mapping\Point_Cloud_Generator\VisualSFM_windows_64bit\VisualSFM_windows_64bit\Test_Desk\IMG_2257.JPG
2793.02929688
1632 1224
0.176221634489 0.0751039619155 0.457026020173
-0.485035256286 -0.00316198601064 -0.101480388173
-1.33010984904 -0.896946493662 -0.973794530275
0.591122398762 -0.571666394635 -0.385497610277 -0.418526040265
0.352456059603 0.935552925055 0.0227611863788
-0.0540475424098 -0.00393176415416 0.998531435558
0.934266274795 -0.353167806395 0.0491784658241
-0.018737241994
0 0 0

00000001.jpg
C:\Users\james_000\Desktop\SLAM_Mapping\Point_Cloud_Generator\VisualSFM_windows_64bit\VisualSFM_windows_64bit\Test_Desk\IMG_2260.JPG
2814.22460938
1632 1224
0.394118284245 -1.16837843201 0.19130390616
-0.457054481755 4.16333634234e-017 1.16109272371
-1.0652184194 -0.944250738633 -0.865340537069
0.672708142584 -0.473125146936 -0.419396399202 -0.384347811955
0.352767489347 0.913961806602 -0.200573405954
-0.120253804144 0.256858834489 0.958937963475
0.927952084901 -0.314162591746 0.20051865656
-0.0186937010318
0 0 0

00000002.jpg
C:\Users\james_000\Desktop\SLAM_Mapping\Point_Cloud_Generator\VisualSFM_windows_64bit\VisualSFM_windows_64bit\Test_Desk\IMG_2258.JPG
2747.42993164
1632 1224
0.785402158303 0.406902463735 1.15058129465
-1.36403962716 0.01862514745 -0.495289750588
-1.42934394934 -0.696848309842 -0.809630486287
0.627696755235 -0.623558310159 -0.304003493857 -0.353205271632
0.565656029416 0.82253936602 0.0588440115732
-0.0642838457222 -0.0271574007375 0.997562266344
0.82213203827 -0.568059845604 0.0375142374527
-0.0259972104659
0 0 0

00000003.jpg
C:\Users\james_000\Desktop\SLAM_Mapping\Point_Cloud_Generator\VisualSFM_windows_64bit\VisualSFM_windows_64bit\Test_Desk\IMG_2259.JPG
2759.70141602
1632 1224
0.884079124812 -0.483164798867 1.13985017109
-1.48264263859 1.11022302463e-016 0.340697512731
-1.24217748721 -0.714580126753 -0.735390887601
0.692850510248 -0.556092353144 -0.31989997266 -0.329216439179
0.578560802196 0.811983423874 -0.0771364905171
-0.100407687595 0.16475581504 0.981210802854
0.809434946625 -0.55994467963 0.176850700969
-0.0219823302044
0 0 0

00000004.jpg
C:\Users\james_000\Desktop\SLAM_Mapping\Point_Cloud_Generator\VisualSFM_windows_64bit\VisualSFM_windows_64bit\Test_Desk\IMG_2261.JPG
2781.83251953
1632 1224
1.62670654226 -1.0855482108 1.2575184653
-2.18511947652 0.195051489898 0.770164097934
-1.1384116179 -0.512281529297 -0.538490233308
0.777713029764 -0.52636960065 -0.236864610091 -0.248982779695
0.763804943519 0.63663065471 -0.106311423568
-0.137917953112 0.321884897142 0.936679440734
0.630539350664 -0.700778546856 0.333660386
-0.0237988104915
0 0 0

00000005.jpg
C:\Users\james_000\Desktop\SLAM_Mapping\Point_Cloud_Generator\VisualSFM_windows_64bit\VisualSFM_windows_64bit\Test_Desk\IMG_2262.JPG
2779.02050781
1632 1224
1.65459246744 -2.1750233384 0.363691943535
-1.72120626074 0.429637671982 2.11033932764
-0.787504309188 -0.689093416405 -0.507347207003
0.835658061021 -0.37193609196 -0.325456901382 -0.239618672861
0.673321734449 0.642576961438 -0.365695763846
-0.158380140751 0.608493028692 0.77759386787
0.722186968772 -0.465651705855 0.511482816654
-0.0294209249181
0 0 0

00000006.jpg
C:\Users\james_000\Desktop\SLAM_Mapping\Point_Cloud_Generator\VisualSFM_windows_64bit\VisualSFM_windows_64bit\Test_Desk\IMG_2266.JPG
2807.64086914
1632 1224
2.83121388802 -1.45499184706 0.577527473704
-3.00385661948 -0.0141339210977 1.20122988908
-0.91512053666 -0.328108378139 -0.359813926875
0.868659342563 -0.437347061068 -0.156806922304 -0.171959383651
0.89168321714 0.435906334293 -0.122011855794
-0.161590166305 0.558315120649 0.813740439784
0.422835336358 -0.705882002373 0.568277875902
-0.0201755992479
0 0 0

00000007.jpg
C:\Users\james_000\Desktop\SLAM_Mapping\Point_Cloud_Generator\VisualSFM_windows_64bit\VisualSFM_windows_64bit\Test_Desk\IMG_2264.JPG
2776.56591797
1632 1224
2.78840994164 -2.18731207405 -0.00454078463922
-2.70025334364 0.0547620490474 2.29460717406
-0.783637820959 -0.446371037559 -0.385501981548
0.88214716852 -0.376302131198 -0.214346944783 -0.185117682376
0.839573438013 0.487920580475 -0.238850682315
-0.165283576927 0.648256683838 0.743266515405
0.517491519369 -0.584548922774 0.624904385862
-0.0273635715921
0 0 0

00000008.jpg
C:\Users\james_000\Desktop\SLAM_Mapping\Point_Cloud_Generator\VisualSFM_windows_64bit\VisualSFM_windows_64bit\Test_Desk\IMG_2263.JPG
2779.32788086
1632 1224
2.73667843953 -2.49752887523 -0.737482157468
-1.74808158019 0.0899393257337 3.34769712987
-0.615394469475 -0.705268049132 -0.417444169256
0.871551447631 -0.294406405087 -0.337402172536 -0.199706437563
0.69255398548 0.546775811348 -0.47053665876
-0.14944192769 0.746884578617 0.647943291935
0.705716748871 -0.378418022246 0.598969139375
-0.0316519775608
0 0 0

00000009.jpg
C:\Users\james_000\Desktop\SLAM_Mapping\Point_Cloud_Generator\VisualSFM_windows_64bit\VisualSFM_windows_64bit\Test_Desk\IMG_2265.JPG
2763.80004883
1632 1224
3.24828994209 -2.50802354801 -0.367812735448
-3.20832644219 0.585130451748 2.51815805586
-0.63801579827 -0.327195999653 -0.280729635819
0.926794705636 -0.311184875592 -0.159586089752 -0.136922654634
0.911568892504 0.353120006964 -0.210590684869
-0.154476758621 0.768832330902 0.620510879326
0.381023487434 -0.533107101364 0.755392482174
-0.0250915869788
0 0 0

00000010.jpg
C:\Users\james_000\Desktop\SLAM_Mapping\Point_Cloud_Generator\VisualSFM_windows_64bit\VisualSFM_windows_64bit\Test_Desk\IMG_2267.JPG
2779.98925781
1632 1224
2.8455755049 -1.99220289236 0.110906969826
-3.02608876318 1.06895840798 1.33363580072
-0.319553470989 -0.314762023366 -0.241104532611
0.967759616214 -0.158055928485 -0.155686006793 -0.119253909669
0.923080738791 0.280032256054 -0.263635760352
-0.181604215361 0.921593493629 0.34305265569
0.339030760384 -0.268787923076 0.90156046668
-0.019713179357
0 0 0

00000011.jpg
C:\Users\james_000\Desktop\SLAM_Mapping\Point_Cloud_Generator\VisualSFM_windows_64bit\VisualSFM_windows_64bit\Test_Desk\IMG_2255.JPG
2753.59057617
1632 1224
1.26185265708 2.64014935812 1.07881125978
-1.5716735728 -0.278315678856 -2.67934204751
-1.43543411122 -0.636141053658 -0.660863045407
0.65867031221 -0.634030527205 -0.280983184442 -0.291902875802
0.67168237834 0.740839375536 -3.46944695195e-018
-0.0282316578211 0.0255962695296 0.999273858293
0.740301127288 -0.671194482924 0.0381076728759
-0.0167434036088
0 0 0

00000012.jpg
C:\Users\james_000\Desktop\SLAM_Mapping\Point_Cloud_Generator\VisualSFM_windows_64bit\VisualSFM_windows_64bit\Test_Desk\IMG_2256.JPG
2734.53515625
1632 1224
0.380253661038 2.87017412339 0.455324397783
-0.485098694326 -0.127095232499 -2.88761733425
-1.37470664376 -0.857957728821 -0.908325336843
0.598764698278 -0.592695585934 -0.369902743322 -0.391618401047
0.419614065415 0.907453774397 0.0212515614924
-0.0304953205762 -0.00930570502102 0.999491878682
0.907190379483 -0.420048896049 0.0237682952244
-0.0278258144954
0 0 0

00000013.jpg
C:\Users\james_000\Desktop\SLAM_Mapping\Point_Cloud_Generator\VisualSFM_windows_64bit\VisualSFM_windows_64bit\Test_Desk\IMG_2254.JPG
2739.65209961
1632 1224
1.25142959471 5.10778933021 1.12775213164
-1.49021533947 0 -5.16784859078
-1.48532340257 -0.604374343017 -0.676305932841
0.644690063076 -0.652421648914 -0.265468721998 -0.297064350506
0.682558273842 0.729423776604 0.0453323623613
-0.0366339628565 -0.0278022153074 0.998942158022
0.72991255088 -0.683496857941 0.00774505118335
-0.0170813825059
0 0 0

00000014.jpg
C:\Users\james_000\Desktop\SLAM_Mapping\Point_Cloud_Generator\VisualSFM_windows_64bit\VisualSFM_windows_64bit\Test_Desk\IMG_2253.JPG
2721.43603516
1632 1224
0.443512267985 5.18039212777 0.306036164586
-0.382896951959 -0.121704286768 -5.19282053162
-1.40320157544 -0.852891504738 -0.900298857705
0.592739127001 -0.603482682383 -0.366807778775 -0.387196521942
0.431061714454 0.90173727127 0.0324900040228
-0.0162888423049 -0.0282246974392 0.999469192302
0.902175294296 -0.431362000961 0.00252167369417
-0.0196224251217
0 0 0

00000015.jpg
C:\Users\james_000\Desktop\SLAM_Mapping\Point_Cloud_Generator\VisualSFM_windows_64bit\VisualSFM_windows_64bit\Test_Desk\IMG_2252.JPG
2717.76098633
1632 1224
0.000318175634981 6.22109909991 0.318269611093
-0.197761667487 0.277183474852 -6.21992159366
-1.4033747335 -0.846928905373 -0.885598611102
0.596602405404 -0.604518084759 -0.364823327356 -0.381480700393
0.442752954324 0.896269084082 0.025915052112
-0.0141001297962 -0.0219391282497 0.999659932632
0.896532950706 -0.442967841279 0.00292389446343
-0.00741739904638
0 0 0

