# Camera parameter file. 

# The format of each camera is as follows:
# Filename (of the undistorted image in visualize folder)
# Original filename
# Focal Length (of the undistorted image)
# 2-vec Principal Point (image center)
# 3-vec Translation T (as in P = K[R T])
# 3-vec Camera Position C (as in P = K[R -RC])
# 3-vec Axis Angle format of R
# 4-vec Quaternion format of R
# 3x3 Matrix format of R
# [Normalized radial distortion] = [radial distortion] * [focal length]^2
# 3-vec Lat/Lng/Alt from EXIF

# The nubmer of cameras in this reconstruction
129

00000000.jpg
C:\Users\james_000\Desktop\SLAM_Mapping\Point_Cloud_Generator\VisualSFM_windows_64bit\VisualSFM_windows_64bit\room2\scene00641.jpg
1817.7911377
960 545
-0.0185384150404 -0.120708853791 -0.416292380141
0.194268130766 -0.255169059517 0.292167560785
-1.06907075943 -0.342859413938 -0.475284362424
0.819887699004 -0.502040402499 -0.161008311803 -0.223195658947
0.848520367699 0.527655861752 -0.0399106618356
-0.204325639216 0.39627854972 0.895105664451
0.488124275303 -0.751361337197 0.444064438494
-0.0418219867363
0 0 0

00000001.jpg
C:\Users\james_000\Desktop\SLAM_Mapping\Point_Cloud_Generator\VisualSFM_windows_64bit\VisualSFM_windows_64bit\room2\scene01081.jpg
1808.45751953
960 545
-0.209190462301 -1.19771923826 -0.913248037717
0.330981285607 -0.166108820723 1.47484418501
-1.0948548814 -0.267217056772 -0.411494291474
0.825402081401 -0.515180403436 -0.125738116944 -0.193627300472
0.893397087471 0.449195900967 -0.00806312490856
-0.190085606336 0.394197179941 0.899155082815
0.407074888838 -0.801768826358 0.437560116512
-0.0548454947288
0 0 0

00000002.jpg
C:\Users\james_000\Desktop\SLAM_Mapping\Point_Cloud_Generator\VisualSFM_windows_64bit\VisualSFM_windows_64bit\room2\scene01061.jpg
1809.81835938
960 545
0.10796907583 -0.848286771159 -0.542890172844
-0.0159662562079 -0.210364116789 0.990690119713
-1.16408753584 -0.262999384616 -0.38259154798
0.810010822942 -0.54469378348 -0.123061303767 -0.179020246656
0.905617016645 0.424077970071 -0.0043393739449
-0.155955379199 0.342522292949 0.926476532864
0.3943845778 -0.838354906368 0.376330823539
-0.0526063687051
0 0 0

00000003.jpg
C:\Users\james_000\Desktop\SLAM_Mapping\Point_Cloud_Generator\VisualSFM_windows_64bit\VisualSFM_windows_64bit\room2\scene01051.jpg
1814.49206543
960 545
0.240602454549 -0.654365527868 -0.310152530422
-0.189883394212 -0.152606544001 0.723140495223
-1.19288429669 -0.261364456595 -0.364204892882
0.803784804388 -0.556896136339 -0.122017580798 -0.170028474885
0.912405786494 0.409235123346 -0.00677570829738
-0.137430094358 0.321915900355 0.936742324031
0.385527800956 -0.853756284014 0.349958360208
-0.0512821892604
0 0 0

00000004.jpg
C:\Users\james_000\Desktop\SLAM_Mapping\Point_Cloud_Generator\VisualSFM_windows_64bit\VisualSFM_windows_64bit\room2\scene01101.jpg
1810.18664551
960 545
-0.561681118593 -1.56557857933 -1.137313726
0.636070899464 0.124967930261 1.9078247342
-1.02014529846 -0.301030408669 -0.464337552572
0.836306500964 -0.481924596264 -0.142209113134 -0.219356681732
0.863319446272 0.503966926307 -0.0264337498714
-0.229830749541 0.43926329926 0.86846206356
0.449287873369 -0.743684627759 0.495051508683
-0.0697759741018
0 0 0

00000005.jpg
C:\Users\james_000\Desktop\SLAM_Mapping\Point_Cloud_Generator\VisualSFM_windows_64bit\VisualSFM_windows_64bit\room2\scene00671.jpg
1815.5847168
960 545
0.66632008707 0.190429245504 0.16533374981
-0.650909306846 -0.204728215977 -0.204899368597
-1.17382333202 -0.300239682079 -0.348682302963
0.807795825465 -0.548804111643 -0.140372718372 -0.163021364718
0.907439801067 0.417450413894 -0.0478517987143
-0.109301497627 0.344477003316 0.932411097876
0.405718184925 -0.840875583656 0.358219578169
-0.0474234618587
0 0 0

00000006.jpg
C:\Users\james_000\Desktop\SLAM_Mapping\Point_Cloud_Generator\VisualSFM_windows_64bit\VisualSFM_windows_64bit\room2\scene00361.jpg
1810.1751709
960 545
0.557182048774 0.95922756155 0.294470268925
-0.492193382413 -0.308786714409 -0.989786147066
-1.1820698252 -0.287541348077 -0.379466723632
0.803780418061 -0.551846529035 -0.134238004818 -0.177153151072
0.90119272377 0.432940803189 -0.0202724743656
-0.136628132128 0.328165946803 0.934688510527
0.411319044165 -0.839565224725 0.354893171261
-0.048991530521
0 0 0

00000007.jpg
C:\Users\james_000\Desktop\SLAM_Mapping\Point_Cloud_Generator\VisualSFM_windows_64bit\VisualSFM_windows_64bit\room2\scene00681.jpg
1816.53137207
960 545
0.764810551259 0.369871132558 0.471519958097
-0.850762115093 0.00347845950906 -0.469319254914
-1.22479237454 -0.280099746522 -0.317649847672
0.797309653194 -0.570432706782 -0.130453177125 -0.147941697044
0.922191757703 0.384740304182 -0.0392418493036
-0.0870810684708 0.305440819589 0.948222058691
0.376804460343 -0.87102395577 0.315178155016
-0.0491984128436
0 0 0

00000008.jpg
C:\Users\james_000\Desktop\SLAM_Mapping\Point_Cloud_Generator\VisualSFM_windows_64bit\VisualSFM_windows_64bit\room2\scene00351.jpg
1810.24572754
960 545
0.681154733139 1.04012324011 0.433168769672
-0.662894654445 -0.235171831486 -1.11298112234
-1.20632627795 -0.277181117231 -0.360605762393
0.799334351096 -0.56225121901 -0.129190107104 -0.16807312681
0.910122537263 0.41396734049 -0.0175331719016
-0.123419154531 0.311250799466 0.942279879051
0.395531189818 -0.855426974152 0.334368282641
-0.0515610590639
0 0 0

00000009.jpg
C:\Users\james_000\Desktop\SLAM_Mapping\Point_Cloud_Generator\VisualSFM_windows_64bit\VisualSFM_windows_64bit\room2\scene00371.jpg
1808.13427734
960 545
0.395112384156 0.936602787642 0.156343601305
-0.27710134284 -0.36771186128 -0.919664458313
-1.16544363457 -0.304924034283 -0.407434461251
0.804565339364 -0.544241378125 -0.142394082149 -0.190264622079
0.887046555897 0.461153761625 -0.0220309869377
-0.151167519304 0.33520294287 0.929940702258
0.436230385173 -0.821570294091 0.367052042456
-0.049555619488
0 0 0

00000010.jpg
C:\Users\james_000\Desktop\SLAM_Mapping\Point_Cloud_Generator\VisualSFM_windows_64bit\VisualSFM_windows_64bit\room2\scene00341.jpg
1810.92993164
960 545
0.811800850729 1.12722840186 0.529617795143
-0.816983113015 -0.200477655608 -1.22576731941
-1.22677559503 -0.269906415094 -0.350180675331
0.794867497768 -0.570842384064 -0.125592669181 -0.162945833263
0.91534977222 0.402427490477 -0.0136258939651
-0.115653896551 0.29517588534 0.948417774236
0.385692228795 -0.866558455528 0.316731698471
-0.0504647567974
0 0 0

00000011.jpg
C:\Users\james_000\Desktop\SLAM_Mapping\Point_Cloud_Generator\VisualSFM_windows_64bit\VisualSFM_windows_64bit\room2\scene00331.jpg
1812.20275879
960 545
0.927118883041 1.22932756162 0.675654288154
-0.966618862221 -0.104571766732 -1.37186505668
-1.24993593051 -0.255250349835 -0.34144956791
0.789797506166 -0.580531524922 -0.118550776252 -0.15858591909
0.921593125819 0.388146296137 -0.00313409805503
-0.112856757505 0.275668382052 0.954605481077
0.371390331696 -0.879403921461 0.297858895114
-0.054326549814
0 0 0

00000012.jpg
C:\Users\james_000\Desktop\SLAM_Mapping\Point_Cloud_Generator\VisualSFM_windows_64bit\VisualSFM_windows_64bit\room2\scene00391.jpg
1810.81884766
960 545
0.126928445603 1.05808170295 0.128328440118
0.00737451449687 -0.284531563576 -1.0349401485
-1.18064067546 -0.341252116733 -0.466063540796
0.791714120113 -0.548735932162 -0.158606511083 -0.216616127854
0.855844238541 0.517062324221 -0.01341205117
-0.168929864043 0.30393387557 0.937597355542
0.488872006294 -0.80017058728 0.347466877832
-0.0438065457645
0 0 0

00000013.jpg
C:\Users\james_000\Desktop\SLAM_Mapping\Point_Cloud_Generator\VisualSFM_windows_64bit\VisualSFM_windows_64bit\room2\scene00381.jpg
1809.28869629
960 545
0.244268485532 0.97936021125 0.121958848793
-0.109623094636 -0.338063320821 -0.952566348843
-1.16767579481 -0.318373222875 -0.435095434911
0.800261186113 -0.544422351975 -0.148439746352 -0.20286082923
0.873627071155 0.486311161312 -0.016697192517
-0.163055429951 0.324904174884 0.931585152937
0.458465077412 -0.811135155617 0.36314061796
-0.0469758345519
0 0 0

00000014.jpg
C:\Users\james_000\Desktop\SLAM_Mapping\Point_Cloud_Generator\VisualSFM_windows_64bit\VisualSFM_windows_64bit\room2\scene00651.jpg
1817.59960938
960 545
0.174039877414 -0.048139561423 -0.248176190848
-0.0432569247153 -0.260712248299 0.156065697053
-1.0951873303 -0.332575909381 -0.439851877373
0.817875092847 -0.513928005837 -0.156064692467 -0.206405052311
0.866082723364 0.498039188147 -0.0431285407142
-0.177215017146 0.386551263755 0.905083157233
0.467437158653 -0.776232504729 0.423044682877
-0.0407781244681
0 0 0

00000015.jpg
C:\Users\james_000\Desktop\SLAM_Mapping\Point_Cloud_Generator\VisualSFM_windows_64bit\VisualSFM_windows_64bit\room2\scene00631.jpg
1817.98498535
960 545
-0.109288081932 -0.108056319058 -0.470611092329
0.314326712504 -0.236079193753 0.300931244579
-1.06113035421 -0.374944435607 -0.521815936328
0.813729696081 -0.497193995359 -0.175680698642 -0.244497529635
0.818716044738 0.572604835327 -0.0427876907229
-0.223214766602 0.386038451296 0.895069335666
0.529038715329 -0.72325673928 0.4438695771
-0.0470448561679
0 0 0

00000016.jpg
C:\Users\james_000\Desktop\SLAM_Mapping\Point_Cloud_Generator\VisualSFM_windows_64bit\VisualSFM_windows_64bit\room2\scene00401.jpg
1811.59558105
960 545
0.0371559598631 1.12130441318 0.157467832465
0.0768056626779 -0.215018369333 -1.10966990667
-1.19467940593 -0.360862830406 -0.486443222314
0.783994879784 -0.553676738765 -0.167242654463 -0.225443157041
0.842411592681 0.53868932822 -0.0125894740052
-0.16829579499 0.28523554368 0.943566600613
0.511880065118 -0.792752312377 0.330944749751
-0.0410715489428
0 0 0

00000017.jpg
C:\Users\james_000\Desktop\SLAM_Mapping\Point_Cloud_Generator\VisualSFM_windows_64bit\VisualSFM_windows_64bit\room2\scene00691.jpg
1812.79821777
960 545
0.864926111012 0.510910701132 0.62051166533
-0.992661921159 0.107264941295 -0.630298158503
-1.27777877461 -0.268741842062 -0.297400503205
0.784078530025 -0.592207690614 -0.124552848131 -0.137835178272
0.930976821453 0.363669260643 -0.0320644554645
-0.0686251552175 0.26058490694 0.963010753096
0.358572400827 -0.894338589007 0.267554836593
-0.0456232088575
0 0 0

00000018.jpg
C:\Users\james_000\Desktop\SLAM_Mapping\Point_Cloud_Generator\VisualSFM_windows_64bit\VisualSFM_windows_64bit\room2\scene01111.jpg
1814.69799805
960 545
-0.542953301995 -1.69380311549 -1.40736993421
0.693889984326 0.0728865139918 2.15815976117
-0.979170707156 -0.319439013529 -0.492800370846
0.841419904347 -0.463421395954 -0.151183927879 -0.233232299654
0.845493518259 0.532616387141 -0.0382486669319
-0.252368809921 0.461687410504 0.850385848244
0.470587997607 -0.709342098379 0.524768892962
-0.0518527174947
0 0 0

00000019.jpg
C:\Users\james_000\Desktop\SLAM_Mapping\Point_Cloud_Generator\VisualSFM_windows_64bit\VisualSFM_windows_64bit\room2\scene01121.jpg
1818.50708008
960 545
-0.488983132053 -1.80072599349 -1.53627172807
0.639649341616 0.0508307396333 2.33025824277
-0.953006579794 -0.30538929593 -0.492215176964
0.848517399689 -0.452190459178 -0.144903643776 -0.233550335962
0.848915344872 0.527391075792 -0.0346882960684
-0.265295019277 0.481957446474 0.835067757174
0.45712475602 -0.699698133169 0.549054318955
-0.0495835644093
0 0 0

00000020.jpg
C:\Users\james_000\Desktop\SLAM_Mapping\Point_Cloud_Generator\VisualSFM_windows_64bit\VisualSFM_windows_64bit\room2\scene01131.jpg
1820.55822754
960 545
-0.31425858948 -1.89123311356 -1.58758373176
0.461044775388 -0.0116892818637 2.44606629067
-0.939216892765 -0.286100837025 -0.473583836341
0.855107942988 -0.446700605167 -0.136072315162 -0.225241036357
0.861501817083 0.506778072686 -0.0314825689038
-0.263643524417 0.499450451452 0.825252695671
0.433943501159 -0.70265624679 0.563886108107
-0.0463119955835
0 0 0

00000021.jpg
C:\Users\james_000\Desktop\SLAM_Mapping\Point_Cloud_Generator\VisualSFM_windows_64bit\VisualSFM_windows_64bit\room2\scene00611.jpg
1817.17712402
960 545
-0.624635959132 0.131634427039 -0.516167199814
0.817500092266 0.0122338702415 0.0739538298545
-1.0647404795 -0.436138412131 -0.606263445626
0.795915885987 -0.495635838483 -0.203022080735 -0.282215147258
0.75827443352 0.65048947575 -0.0434252570849
-0.247988600126 0.349399605259 0.903560601841
0.602928739968 -0.674377148211 0.426254351489
-0.0551640743539
0 0 0

00000022.jpg
C:\Users\james_000\Desktop\SLAM_Mapping\Point_Cloud_Generator\VisualSFM_windows_64bit\VisualSFM_windows_64bit\room2\scene00421.jpg
1810.57312012
960 545
-0.0732916913687 1.22393185986 0.227210151888
0.117076440518 -0.0942736347736 -1.23790506645
-1.22449981653 -0.397601798325 -0.497448387524
0.771183969041 -0.564798266238 -0.183393091053 -0.229447144886
0.827443422517 0.561052288354 -0.0236770977403
-0.146731551159 0.256714790329 0.955284575367
0.54204214967 -0.786968899291 0.294740643576
-0.0396935783931
0 0 0

00000023.jpg
C:\Users\james_000\Desktop\SLAM_Mapping\Point_Cloud_Generator\VisualSFM_windows_64bit\VisualSFM_windows_64bit\room2\scene00601.jpg
1817.72644043
960 545
-0.634780064864 0.249516401594 -0.494326375053
0.840646181113 5.55111512313e-017 -0.053624404735
-1.08089828776 -0.448849277106 -0.610486235756
0.7899809382 -0.502056203487 -0.208481747592 -0.283558966903
0.752260310405 0.657351503831 -0.0446682388542
-0.238673211007 0.335068593697 0.911463324742
0.614118187388 -0.674995997899 0.408950626777
-0.0549428550314
0 0 0

00000024.jpg
C:\Users\james_000\Desktop\SLAM_Mapping\Point_Cloud_Generator\VisualSFM_windows_64bit\VisualSFM_windows_64bit\room2\scene00591.jpg
1818.58203125
960 545
-0.68033825176 0.388015205902 -0.415361205511
0.858776266498 0.0404516309156 -0.216349455609
-1.0835883773 -0.452486163249 -0.612985098372
0.788569355108 -0.503043015676 -0.210061319299 -0.284571040913
0.749787768897 0.660147926816 -0.0449931829407
-0.237468082045 0.331934697878 0.912923734066
0.61759849343 -0.673813491787 0.405644044485
-0.0497962261688
0 0 0

00000025.jpg
C:\Users\james_000\Desktop\SLAM_Mapping\Point_Cloud_Generator\VisualSFM_windows_64bit\VisualSFM_windows_64bit\room2\scene00521.jpg
1811.18286133
960 545
-0.826986180003 0.680795326861 -0.0102200570651
0.751149860487 0.362794672637 -0.672045130211
-1.14295094344 -0.490233257324 -0.622817440434
0.767769830523 -0.526511826396 -0.225830871531 -0.286907106519
0.733370644353 0.678362800633 -0.0446525259662
-0.202751681558 0.280939748719 0.93806478966
0.648891993883 -0.678894793222 0.343571657571
-0.0508429860604
0 0 0

00000026.jpg
C:\Users\james_000\Desktop\SLAM_Mapping\Point_Cloud_Generator\VisualSFM_windows_64bit\VisualSFM_windows_64bit\room2\scene00551.jpg
1808.875
960 545
-0.835402993218 0.3688266333 -0.525363199952
1.03356023342 0.119156210869 -0.165810392846
-1.0677344519 -0.483081182185 -0.647181100789
0.784207675787 -0.494882877543 -0.223902680205 -0.299961141912
0.719781610617 0.692074806175 -0.0542808688936
-0.248852513526 0.330227999397 0.910505583346
0.64806393289 -0.641858221392 0.409917105037
-0.0525719541145
0 0 0

00000027.jpg
C:\Users\james_000\Desktop\SLAM_Mapping\Point_Cloud_Generator\VisualSFM_windows_64bit\VisualSFM_windows_64bit\room2\scene00571.jpg
1813.88684082
960 545
-0.7871672408 0.239836510866 -0.828789208439
1.15879583339 -0.0792316249777 0.122308243673
-1.0358764501 -0.450659012834 -0.647348252513
0.795479597862 -0.482122117265 -0.209747675421 -0.301291635773
0.730458412189 0.681590374394 -0.0431811512969
-0.277095022663 0.353563677752 0.893426872041
0.624218834689 -0.640646359809 0.44712907252
-0.0454274300371
0 0 0

00000028.jpg
C:\Users\james_000\Desktop\SLAM_Mapping\Point_Cloud_Generator\VisualSFM_windows_64bit\VisualSFM_windows_64bit\room2\scene00581.jpg
1819.0769043
960 545
-0.751009496813 0.323202866795 -0.622723112996
1.02623096069 -0.0146785234027 -0.0537906353369
-1.05131767107 -0.449851426685 -0.632855303182
0.79397351255 -0.489037140636 -0.209255548034 -0.294382712687
0.739101966208 0.672131379306 -0.0443585049605
-0.262796926397 0.348363547347 0.899767436579
0.620214945012 -0.653362708693 0.434110240965
-0.0419410946685
0 0 0

00000029.jpg
C:\Users\james_000\Desktop\SLAM_Mapping\Point_Cloud_Generator\VisualSFM_windows_64bit\VisualSFM_windows_64bit\room2\scene00561.jpg
1810.11975098
960 545
-0.835395293883 0.287620712074 -0.769100288695
1.17069321245 -0.0142016859346 0.0374264573583
-1.0456147301 -0.463565139044 -0.652395440146
0.790988662336 -0.485848600889 -0.215397189559 -0.303137860147
0.723423664935 0.688858136204 -0.0461954883495
-0.2702563058 0.344117894351 0.899191838653
0.63531145101 -0.638011101006 0.435110696492
-0.0494470010167
0 0 0

00000030.jpg
C:\Users\james_000\Desktop\SLAM_Mapping\Point_Cloud_Generator\VisualSFM_windows_64bit\VisualSFM_windows_64bit\room2\scene00541.jpg
1814.47949219
960 545
-0.842838798665 0.505349231083 -0.228428740378
0.876907967246 0.270224334224 -0.419458766542
-1.09432198455 -0.484671461577 -0.637735769276
0.778780571963 -0.506184755249 -0.224187495654 -0.294988247374
0.725444029468 0.686422681693 -0.0505485615473
-0.232501782355 0.313518190353 0.920678838533
0.647822902821 -0.656148574315 0.387034497246
-0.0548124395768
0 0 0

00000031.jpg
C:\Users\james_000\Desktop\SLAM_Mapping\Point_Cloud_Generator\VisualSFM_windows_64bit\VisualSFM_windows_64bit\room2\scene00531.jpg
1813.17199707
960 545
-0.820780707138 0.572631309395 -0.11157969501
0.791512550994 0.316833800693 -0.535873860648
-1.12017506075 -0.494441192137 -0.628621366984
0.772396343839 -0.516912518433 -0.228163303041 -0.29008167146
0.727588976155 0.683996910599 -0.0525712518695
-0.212235179202 0.297308732682 0.930894364666
0.652358752401 -0.666150992623 0.361486739068
-0.0519809648208
0 0 0

00000032.jpg
C:\Users\james_000\Desktop\SLAM_Mapping\Point_Cloud_Generator\VisualSFM_windows_64bit\VisualSFM_windows_64bit\room2\scene00511.jpg
1812.67797852
960 545
-0.852577353503 0.780345127994 0.135793723898
0.687017633521 0.470270698975 -0.81309159305
-1.1592301278 -0.495519476579 -0.631601356661
0.76159179112 -0.532776431625 -0.227738299929 -0.290280858771
0.727744737792 0.68481792988 -0.0375776599377
-0.199484146756 0.263773442397 0.943732451856
0.656196819061 -0.679300175454 0.328570045014
-0.0520685552492
0 0 0

00000033.jpg
C:\Users\james_000\Desktop\SLAM_Mapping\Point_Cloud_Generator\VisualSFM_windows_64bit\VisualSFM_windows_64bit\room2\scene00501.jpg
1816.05004883
960 545
-0.877485740061 0.890617720753 0.308032562469
0.60466746979 0.587913920518 -0.973034661763
-1.17317816064 -0.500805550058 -0.632168563884
0.757170190402 -0.538291941588 -0.229785723042 -0.29005930649
0.72612964969 0.686632311068 -0.0357007509122
-0.191864730224 0.252215630366 0.948459984127
0.660246847757 -0.68185446349 0.314881508878
-0.0515252962445
0 0 0

00000034.jpg
C:\Users\james_000\Desktop\SLAM_Mapping\Point_Cloud_Generator\VisualSFM_windows_64bit\VisualSFM_windows_64bit\room2\scene00491.jpg
1812.74987793
960 545
-0.908297594565 0.999645107069 0.346295692759
0.623313591249 0.618678683038 -1.08301898908
-1.19339923901 -0.494251049404 -0.624058984204
0.753599821097 -0.546834466269 -0.226473672823 -0.285953728133
0.733880762443 0.678676521693 -0.0286024941769
-0.18330219176 0.238405893892 0.953710890124
0.654079583114 -0.694666533675 0.299364105094
-0.0521231311492
0 0 0

00000035.jpg
C:\Users\james_000\Desktop\SLAM_Mapping\Point_Cloud_Generator\VisualSFM_windows_64bit\VisualSFM_windows_64bit\room2\scene00431.jpg
1811.77050781
960 545
-0.171624691391 1.26502647375 0.311953096327
0.145947981117 0.0395964549101 -1.30544688539
-1.24238857362 -0.406054242668 -0.50110717114
0.764897988118 -0.571703874263 -0.186851995119 -0.230592036376
0.823827915758 0.566406678733 -0.0221847201191
-0.139110860069 0.239964811195 0.960763164279
0.549506140452 -0.788417408613 0.276483001957
-0.042593302734
0 0 0

00000036.jpg
C:\Users\james_000\Desktop\SLAM_Mapping\Point_Cloud_Generator\VisualSFM_windows_64bit\VisualSFM_windows_64bit\room2\scene00441.jpg
1808.43505859
960 545
-0.252552802455 1.31327117671 0.319360360094
0.200715438047 0.105193842906 -1.35613507775
-1.26339408102 -0.411762487782 -0.500185117384
0.758419628788 -0.579958314074 -0.189018677387 -0.22960889382
0.823103609316 0.567525536896 -0.020383669174
-0.129034031175 0.221856579016 0.966504017373
0.553038231377 -0.792903059719 0.255841144995
-0.0384916682733
0 0 0

00000037.jpg
C:\Users\james_000\Desktop\SLAM_Mapping\Point_Cloud_Generator\VisualSFM_windows_64bit\VisualSFM_windows_64bit\room2\scene00481.jpg
1816.0567627
960 545
-0.851276713612 1.12832114329 0.447897130235
0.541919585182 0.62648322448 -1.22972850397
-1.21754406729 -0.48249147885 -0.601180888828
0.751459132125 -0.557447868614 -0.22090686796 -0.275248357847
0.750877406707 0.659963809159 -0.0251317957945
-0.167387759266 0.226981088831 0.959407120222
0.638878137315 -0.716190045991 0.280904813478
-0.0516582851654
0 0 0

00000038.jpg
C:\Users\james_000\Desktop\SLAM_Mapping\Point_Cloud_Generator\VisualSFM_windows_64bit\VisualSFM_windows_64bit\room2\scene00411.jpg
1811.62756348
960 545
-0.030989624974 1.17472143779 0.223824035467
0.0955402465431 -0.126356672143 -1.18572050389
-1.20687287431 -0.379974717628 -0.495122253092
0.777981146846 -0.558079832802 -0.175707177945 -0.228953479778
0.833415429748 0.552360297845 -0.0178451147073
-0.160125665244 0.272254919186 0.948808562389
0.528942372519 -0.787893791032 0.315348310461
-0.0450383856422
0 0 0

00000039.jpg
C:\Users\james_000\Desktop\SLAM_Mapping\Point_Cloud_Generator\VisualSFM_windows_64bit\VisualSFM_windows_64bit\room2\scene00621.jpg
1818.99975586
960 545
-0.41773840985 -0.0188322980286 -0.476936450734
0.597703079852 -0.0540990485041 0.205310026974
-1.05502156416 -0.42339390954 -0.585320465719
0.802500480938 -0.492302926498 -0.19756758327 -0.273127098063
0.772738223498 0.632895563103 -0.048173772287
-0.243842947108 0.366079551345 0.898068821273
0.58601855008 -0.682224519855 0.437210312781
-0.0564212912535
0 0 0

00000040.jpg
C:\Users\james_000\Desktop\SLAM_Mapping\Point_Cloud_Generator\VisualSFM_windows_64bit\VisualSFM_windows_64bit\room2\scene00451.jpg
1808.4432373
960 545
-0.363613890504 1.36179504869 0.424612845493
0.218474268194 0.267581817899 -1.43096589132
-1.28092165059 -0.42797407007 -0.508189720036
0.750823992332 -0.58632451266 -0.195899326044 -0.232616951866
0.81502565773 0.579029795109 -0.0213938790328
-0.119587758826 0.204226513955 0.971592342559
0.566949777268 -0.789313703029 0.235694498157
-0.0463624325276
0 0 0

00000041.jpg
C:\Users\james_000\Desktop\SLAM_Mapping\Point_Cloud_Generator\VisualSFM_windows_64bit\VisualSFM_windows_64bit\room2\scene00461.jpg
1814.25817871
960 545
-0.576990785997 1.39421023483 0.47320834908
0.343967397233 0.435971585052 -1.48063529969
-1.27675096196 -0.457293739688 -0.535442400395
0.745824390044 -0.583312281981 -0.208924890429 -0.244628856957
0.793015142561 0.60863766675 -0.0262527194627
-0.12116300536 0.199806924011 0.972315230428
0.597032396414 -0.767878877226 0.232194016566
-0.0457210248232
0 0 0

00000042.jpg
C:\Users\james_000\Desktop\SLAM_Mapping\Point_Cloud_Generator\VisualSFM_windows_64bit\VisualSFM_windows_64bit\room2\scene00471.jpg
1815.97790527
960 545
-0.780787236737 1.27031488387 0.479862035594
0.483239187668 0.586941029423 -1.36951618654
-1.25324826352 -0.472651843992 -0.56756076593
0.746938856287 -0.572815999329 -0.21603264591 -0.259412198508
0.77207088656 0.635023722621 -0.0255351864949
-0.14003648082 0.209174925997 0.967799525157
0.619917523331 -0.743634584451 0.25042480757
-0.0509086404698
0 0 0

00000043.jpg
C:\Users\james_000\Desktop\SLAM_Mapping\Point_Cloud_Generator\VisualSFM_windows_64bit\VisualSFM_windows_64bit\room2\scene00321.jpg
1815.19543457
960 545
1.02335758605 1.35967653736 0.8669570925
-1.12616533689 0.0348934111271 -1.54211797108
-1.27706755914 -0.256580682689 -0.335514811253
0.782234403425 -0.591473240259 -0.118835222688 -0.155393527262
0.923461953968 0.383683711244 -0.00209142427787
-0.102532941131 0.252024911292 0.962273715904
0.369736573822 -0.88840915304 0.272075782349
-0.0544090445779
0 0 0

00000044.jpg
C:\Users\james_000\Desktop\SLAM_Mapping\Point_Cloud_Generator\VisualSFM_windows_64bit\VisualSFM_windows_64bit\room2\scene01091.jpg
1801.83459473
960 545
-0.414051334255 -1.33866836273 -1.03678945307
0.517061937216 -0.0608371123338 1.66353447621
-1.06314724702 -0.272910419325 -0.434664294528
0.830788166746 -0.501238166029 -0.128668082861 -0.204929594125
0.882896777574 0.469492615779 -0.00835474654248
-0.211519711483 0.413528855547 0.885581319183
0.419228936171 -0.78010962905 0.464410278902
-0.0681432057666
0 0 0

00000045.jpg
C:\Users\james_000\Desktop\SLAM_Mapping\Point_Cloud_Generator\VisualSFM_windows_64bit\VisualSFM_windows_64bit\room2\scene01151.jpg
1816.60791016
960 545
0.195284951617 -2.04561367681 -1.62082571688
-0.120914165544 -0.207132715913 2.60618867121
-0.943692795414 -0.188037234312 -0.358666419968
0.871051422412 -0.451385166212 -0.0899415770436 -0.171556572625
0.924957944407 0.380065634694 -0.00181122975443
-0.217672751741 0.533640186427 0.817219536843
0.311563724717 -0.755499227495 0.576324191108
-0.0504597840415
0 0 0

00000046.jpg
C:\Users\james_000\Desktop\SLAM_Mapping\Point_Cloud_Generator\VisualSFM_windows_64bit\VisualSFM_windows_64bit\room2\scene01071.jpg
1812.23083496
960 545
-0.0354915366047 -1.03845054364 -0.656419791715
0.110469547289 -0.140572797087 1.21596038527
-1.12912956854 -0.25584652272 -0.387798117272
0.819369097902 -0.530144182402 -0.120123986996 -0.18207734661
0.904836354709 0.425742999059 -0.00379736191136
-0.171011205902 0.37159087143 0.912511341449
0.389906169533 -0.825023700525 0.409035648251
-0.0508883578009
0 0 0

00000047.jpg
C:\Users\james_000\Desktop\SLAM_Mapping\Point_Cloud_Generator\VisualSFM_windows_64bit\VisualSFM_windows_64bit\room2\scene01041.jpg
1813.44616699
960 545
0.336148717226 -0.364624673893 -0.0392328653501
-0.332735608135 -0.0745691936685 0.362232564149
-1.24619651757 -0.27897961912 -0.366170505052
0.7873791995 -0.57827714814 -0.129455937535 -0.169915444643
0.908740435447 0.417298572876 -0.00734555080234
-0.117852974266 0.273449467618 0.954640011319
0.400378099064 -0.866653580647 0.297674112156
-0.0458005921981
0 0 0

00000048.jpg
C:\Users\james_000\Desktop\SLAM_Mapping\Point_Cloud_Generator\VisualSFM_windows_64bit\VisualSFM_windows_64bit\room2\scene00311.jpg
1821.26489258
960 545
1.08690917181 1.5027054676 1.0851797909
-1.27358547574 0.206048126038 -1.71832225659
-1.301122659 -0.264716412861 -0.33080438375
0.774935881863 -0.60098084629 -0.122270942503 -0.152796584648
0.923405896236 0.383780000082 -0.00584873761992
-0.0898502241971 0.230951623756 0.968808121422
0.373159825 -0.894078366989 0.247744964002
-0.0525899633262
0 0 0

00000049.jpg
C:\Users\james_000\Desktop\SLAM_Mapping\Point_Cloud_Generator\VisualSFM_windows_64bit\VisualSFM_windows_64bit\room2\scene00971.jpg
1807.16259766
960 545
1.43187959764 -0.261379116723 0.311358364137
-1.47545192086 5.55111512313e-017 0.196421893124
-1.26903300198 -0.184699874754 -0.203970670603
0.796530595781 -0.590867671318 -0.085997121208 -0.0949696934347
0.967171003105 0.252918221811 -0.0247695571623
-0.0496668441595 0.283712757564 0.957622763498
0.249227795603 -0.924953949553 0.286960199392
-0.0516895574928
0 0 0

00000050.jpg
C:\Users\james_000\Desktop\SLAM_Mapping\Point_Cloud_Generator\VisualSFM_windows_64bit\VisualSFM_windows_64bit\room2\scene00981.jpg
1807.81811523
960 545
1.35592484478 -0.130192600972 0.418506790681
-1.42283968079 0.0617351068673 0.0484397973057
-1.29816913984 -0.195334473795 -0.214668169167
0.786849368729 -0.602276034979 -0.0906239940245 -0.0995937199509
0.963736547573 0.265891601449 -0.0226485154669
-0.0475694212418 0.254689256941 0.965851942908
0.262581214493 -0.929750128788 0.258101911765
-0.0497284442334
0 0 0

00000051.jpg
C:\Users\james_000\Desktop\SLAM_Mapping\Point_Cloud_Generator\VisualSFM_windows_64bit\VisualSFM_windows_64bit\room2\scene00991.jpg
1804.45019531
960 545
1.27515328031 -0.0183513854771 0.410256855418
-1.33856282821 0.023903803803 -0.0483723343309
-1.32857702698 -0.211061298075 -0.229557774311
0.776098234756 -0.613927619477 -0.0975301827892 -0.106077295522
0.958471389315 0.284405814725 -0.0211383749074
-0.0448997924845 0.223680929122 0.973627455296
0.281633635885 -0.932245111681 0.227161561527
-0.0478229738322
0 0 0

00000052.jpg
C:\Users\james_000\Desktop\SLAM_Mapping\Point_Cloud_Generator\VisualSFM_windows_64bit\VisualSFM_windows_64bit\room2\scene00961.jpg
1807.9263916
960 545
1.51686580523 -0.353223737633 0.182731369261
-1.53566330201 -0.062907009559 0.311158561987
-1.24823359142 -0.160053000288 -0.182362504619
0.804597832829 -0.58290975986 -0.0747427858086 -0.085161050388
0.974322406721 0.224177442548 -0.0209935035599
-0.0499041437863 0.305928294493 0.950746165103
0.219558030365 -0.925285552969 0.309259989157
-0.0519057153561
0 0 0

00000053.jpg
C:\Users\james_000\Desktop\SLAM_Mapping\Point_Cloud_Generator\VisualSFM_windows_64bit\VisualSFM_windows_64bit\room2\scene00771.jpg
1812.57434082
960 545
2.16732449233 0.043165996502 0.147920609743
-2.17125048034 0.0200874812166 -0.0794342286668
-1.23549851051 -0.0340136530199 -0.0393994318503
0.814866760377 -0.579134773598 -0.0159437579837 -0.0184683193467
0.998809172201 0.0485656026985 -0.00459300668023
-0.0116312755241 0.328524334033 0.944424547437
0.0473751469856 -0.943246159696 0.328697842437
-0.057037843594
0 0 0

00000054.jpg
C:\Users\james_000\Desktop\SLAM_Mapping\Point_Cloud_Generator\VisualSFM_windows_64bit\VisualSFM_windows_64bit\room2\scene00781.jpg
1810.9296875
960 545
2.22947691072 -0.114297677652 0.00115884255188
-2.23044906763 -0.0461913555077 0.0811690923147
-1.22182349197 -0.0135433790741 -0.0408539435475
0.818908035993 -0.573569133324 -0.00635776300656 -0.0191783519856
0.999184295443 0.038703771263 0.0115875275748
-0.0241174549696 0.341301189816 0.939644452344
0.0324132204428 -0.939157037562 0.341956000399
-0.0568965814124
0 0 0

00000055.jpg
C:\Users\james_000\Desktop\SLAM_Mapping\Point_Cloud_Generator\VisualSFM_windows_64bit\VisualSFM_windows_64bit\room2\scene00791.jpg
1814.15246582
960 545
2.27528887821 -0.237949138516 -0.135012715693
-2.27193101256 -0.133191974588 0.269027244321
-1.19850628626 -0.0240923242281 -0.0366940104134
0.825530500517 -0.563979523755 -0.0113370932636 -0.0172670521255
0.999146791153 0.0412964343779 0.00075849695806
-0.0157214783566 0.36325827118 0.93155662108
0.0381949620632 -0.930772573026 0.363597366803
-0.058662010056
0 0 0

00000056.jpg
C:\Users\james_000\Desktop\SLAM_Mapping\Point_Cloud_Generator\VisualSFM_windows_64bit\VisualSFM_windows_64bit\room2\scene00801.jpg
1811.65368652
960 545
2.34385401725 -0.362700101759 -0.360924759644
-2.33717939308 -0.249927594208 0.480208407393
-1.17034800114 -0.016811825831 -0.0208514825352
0.833531375654 -0.552327545983 -0.00793407985977 -0.00984053304448
0.999680198624 0.0251692524326 -0.0023564073983
-0.00764031975039 0.389675105342 0.920920705832
0.0240968106019 -0.920608651026 0.389742912831
-0.0601845635778
0 0 0

00000057.jpg
C:\Users\james_000\Desktop\SLAM_Mapping\Point_Cloud_Generator\VisualSFM_windows_64bit\VisualSFM_windows_64bit\room2\scene00811.jpg
1811.98669434
960 545
2.42727897294 -0.422731092805 -0.495682539902
-2.4255964972 -0.263542780663 0.602583027422
-1.14867912563 -0.00142192733803 0.00893525138026
0.839541828426 -0.543278586176 -0.000672513895841 0.00422601110151
0.999963977712 -0.00636494471122 -0.00572084898633
0.00782670763723 0.409661511805 0.912204354208
-0.0034624348033 -0.912216036123 0.409696437189
-0.0584111869457
0 0 0

00000058.jpg
C:\Users\james_000\Desktop\SLAM_Mapping\Point_Cloud_Generator\VisualSFM_windows_64bit\VisualSFM_windows_64bit\room2\scene00931.jpg
1813.44226074
960 545
2.14895101224 -0.278044604928 0.150595637599
-2.15572405626 0.0679910287098 0.257311988001
-1.28227561964 -0.0596283918496 -0.0519973422433
0.80068595901 -0.597947265448 -0.0278057488604 -0.0242472586461
0.997277829233 0.0720817522687 -0.0155302421278
-0.00557600590081 0.283742293038 0.958883985135
0.0735244486412 -0.956187933557 0.283371897551
-0.045466090209
0 0 0

00000059.jpg
C:\Users\james_000\Desktop\SLAM_Mapping\Point_Cloud_Generator\VisualSFM_windows_64bit\VisualSFM_windows_64bit\room2\scene00821.jpg
1807.08435059
960 545
2.63058366021 -0.455745642109 -0.624042835899
-2.64514457043 -0.264461185525 0.671093439063
-1.14901039231 0.025833694108 0.0398177305365
0.839195168946 -0.543367366824 0.0122167618647 0.0188298169793
0.998992854872 -0.04488026712 4.13908230125e-005
0.0183272986448 0.408795362455 0.912442988054
-0.0409675993249 -0.911522088752 0.409205909003
-0.0652898457183
0 0 0

00000060.jpg
C:\Users\james_000\Desktop\SLAM_Mapping\Point_Cloud_Generator\VisualSFM_windows_64bit\VisualSFM_windows_64bit\room2\scene00831.jpg
1808.61303711
960 545
2.79107059368 -0.373816950426 -0.657501706563
-2.82651928106 -0.198917395911 0.577351610454
-1.16806561794 0.0615574057062 0.0767569389355
0.833103709096 -0.551165185036 0.0290465692897 0.0362186437144
0.995689568126 -0.0923668189478 0.00847282902125
0.0283287267198 0.389810620852 0.920459468171
-0.0883223894259 -0.916251571742 0.390746971458
-0.0539903618938
0 0 0

00000061.jpg
C:\Users\james_000\Desktop\SLAM_Mapping\Point_Cloud_Generator\VisualSFM_windows_64bit\VisualSFM_windows_64bit\room2\scene00841.jpg
1811.97302246
960 545
2.85365784393 -0.277155584408 -0.596115889506
-2.89543371685 -0.0866197156824 0.429521640778
-1.20342096446 0.0905728052856 0.104005026825
0.822133062249 -0.565593700962 0.0425681533402 0.0488811394998
0.991597397732 -0.128526101306 0.0146996100922
0.0322211023064 0.355429559706 0.93414817726
-0.125287134947 -0.925824948183 0.356584130736
-0.0454198355252
0 0 0

00000062.jpg
C:\Users\james_000\Desktop\SLAM_Mapping\Point_Cloud_Generator\VisualSFM_windows_64bit\VisualSFM_windows_64bit\room2\scene01191.jpg
1813.08886719
960 545
1.26020978073 -2.03546473919 -1.75350485517
-1.32205289341 -0.407795031705 2.62524471902
-0.960475842486 -0.0162733491411 -0.113747272551
0.8852976218 -0.461732062003 -0.00782312966371 -0.054682023617
0.993896916641 0.104043981183 0.0366453959811
-0.0895954806708 0.567626177368 0.818396050532
0.0643485883264 -0.816685135069 0.573484422649
-0.0450200339021
0 0 0

00000063.jpg
C:\Users\james_000\Desktop\SLAM_Mapping\Point_Cloud_Generator\VisualSFM_windows_64bit\VisualSFM_windows_64bit\room2\scene01181.jpg
1817.31445313
960 545
1.04932418869 -2.03191619864 -1.75229224814
-1.08936332761 -0.41114494669 2.63524931773
-0.948202534001 -0.0423587174557 -0.160201687678
0.886400168673 -0.45600888734 -0.0203711242308 -0.077044081542
0.987298786975 0.155162938153 0.0341513649415
-0.118004609343 0.572240246331 0.811551292666
0.106379236759 -0.805274125953 0.583282002792
-0.0469117109118
0 0 0

00000064.jpg
C:\Users\james_000\Desktop\SLAM_Mapping\Point_Cloud_Generator\VisualSFM_windows_64bit\VisualSFM_windows_64bit\room2\scene01211.jpg
1809.47119141
960 545
1.75090590168 -2.01844549796 -1.73034129127
-1.8439614041 -0.29565945457 2.57803390327
-0.97846156189 0.0355964808536 -0.0102377205586
0.882530064363 -0.469919769349 0.0170957048533 -0.0049168076406
0.999367874187 -0.00738878406478 0.0347960214301
-0.0247457063189 0.558303054172 0.829268747925
-0.0255538725878 -0.829604549229 0.557766329657
-0.0465103262369
0 0 0

00000065.jpg
C:\Users\james_000\Desktop\SLAM_Mapping\Point_Cloud_Generator\VisualSFM_windows_64bit\VisualSFM_windows_64bit\room2\scene01221.jpg
1805.73693848
960 545
1.97511525506 -1.97134120437 -1.6814506031
-2.08007246013 -0.234603693327 2.49655592435
-1.00126641046 0.0611469194449 0.0365552542972
0.876670897845 -0.479877944039 0.0293059446328 0.0175198729257
0.997668641248 -0.0588451160416 0.0345686341483
0.00259153486985 0.538821451973 0.842417054168
-0.0681980410253 -0.84036305806 0.537717359293
-0.0388577032637
0 0 0

00000066.jpg
C:\Users\james_000\Desktop\SLAM_Mapping\Point_Cloud_Generator\VisualSFM_windows_64bit\VisualSFM_windows_64bit\room2\scene01231.jpg
1808.69812012
960 545
2.13255221526 -1.91612267622 -1.45103874398
-2.21513692771 -0.0800095844969 2.32627817153
-1.03272233136 0.0702597242713 0.0627936070075
0.868560812004 -0.493533095828 0.0335767884345 0.0300087664647
0.995944623878 -0.0852714646934 0.028706353953
0.018986289578 0.511050336454 0.859342127235
-0.0879475765557 -0.855311898617 0.510596576267
-0.0404151147636
0 0 0

00000067.jpg
C:\Users\james_000\Desktop\SLAM_Mapping\Point_Cloud_Generator\VisualSFM_windows_64bit\VisualSFM_windows_64bit\room2\scene01241.jpg
1810.4119873
960 545
2.24096993587 -1.86462530702 -1.26185477299
-2.3035100979 0.0141419531653 2.18739105698
-1.06147533165 0.0708407279668 0.0699097551839
0.861253486851 -0.505956785137 0.033766537865 0.0333227856814
0.995498927135 -0.0915676975877 0.0244432019372
0.023229763851 0.485795405184 0.873764753061
-0.0918829919632 -0.869263428521 0.485735942131
-0.0432962894792
0 0 0

00000068.jpg
C:\Users\james_000\Desktop\SLAM_Mapping\Point_Cloud_Generator\VisualSFM_windows_64bit\VisualSFM_windows_64bit\room2\scene01251.jpg
1811.64160156
960 545
2.29529026533 -1.75230003199 -1.10364416623
-2.33972614135 0.0580781657728 2.01971497936
-1.09529827682 0.0732752722263 0.082388384191
0.85230652776 -0.520412488336 0.0348155087612 0.0391454500881
0.994511492208 -0.102965080835 0.0186037605723
0.0304906097338 0.455276626877 0.889827572506
-0.100090180966 -0.884376271241 0.455917549963
-0.0422825268305
0 0 0

00000069.jpg
C:\Users\james_000\Desktop\SLAM_Mapping\Point_Cloud_Generator\VisualSFM_windows_64bit\VisualSFM_windows_64bit\room2\scene01261.jpg
1809.9309082
960 545
2.2842569585 -1.6688934924 -0.897159261506
-2.31611618024 0.126444205743 1.85136440872
-1.13701045372 0.0750301242179 0.0833224678241
0.841218841922 -0.538084751294 0.0355076469151 0.0394319588089
0.994368466095 -0.104554230712 0.0173041090407
0.0281293961836 0.417819973552 0.90809433271
-0.102174697428 -0.902493792648 0.418408120374
-0.0441920653817
0 0 0

00000070.jpg
C:\Users\james_000\Desktop\SLAM_Mapping\Point_Cloud_Generator\VisualSFM_windows_64bit\VisualSFM_windows_64bit\room2\scene01201.jpg
1815.28295898
960 545
1.48659648861 -2.03225376745 -1.69796810856
-1.56663016867 -0.334490291437 2.58009735487
-0.970242997847 0.00795618012151 -0.0666821208289
0.884076525292 -0.466226824874 0.00382315008138 -0.0320424816658
0.997917661448 0.0530910079757 0.0366380951541
-0.0602210154356 0.563211718727 0.824115631066
0.0231182661957 -0.824605134262 0.565235830111
-0.0431960539449
0 0 0

00000071.jpg
C:\Users\james_000\Desktop\SLAM_Mapping\Point_Cloud_Generator\VisualSFM_windows_64bit\VisualSFM_windows_64bit\room2\scene01271.jpg
1810.99755859
960 545
2.29304560168 -1.62696545913 -0.70571741194
-2.30901346828 0.211478462207 1.73978258485
-1.16772258657 0.0697840145616 0.0774923164268
0.833057209985 -0.550994057767 0.0329278355944 0.0365650252592
0.995157464763 -0.0972074377339 0.0145671460255
0.024635593968 0.390137288004 0.920427504925
-0.0951559373791 -0.915610785002 0.390642507665
-0.0447835017371
0 0 0

00000072.jpg
C:\Users\james_000\Desktop\SLAM_Mapping\Point_Cloud_Generator\VisualSFM_windows_64bit\VisualSFM_windows_64bit\room2\scene01281.jpg
1809.62414551
960 545
2.36321946113 -1.62176627956 -0.588066598061
-2.37163255303 0.287071249831 1.68929069993
-1.18510285454 0.0687900873102 0.0743211905246
0.828310580705 -0.558234917355 0.0324031189001 0.0350085087478
0.995448913372 -0.0941734426084 0.0145943351073
0.0218182302337 0.374296680438 0.92705257232
-0.0927650498239 -0.922514981938 0.374648078625
-0.0523750700349
0 0 0

00000073.jpg
C:\Users\james_000\Desktop\SLAM_Mapping\Point_Cloud_Generator\VisualSFM_windows_64bit\VisualSFM_windows_64bit\room2\scene01171.jpg
1822.77648926
960 545
0.777543768578 -2.03777853261 -1.73004662386
-0.783504907165 -0.372552216209 2.64528038037
-0.935089249739 -0.0826482441383 -0.223750041327
0.885830227548 -0.449612225398 -0.0397391596392 -0.107584119956
0.973692913464 0.226336993072 0.0263381364369
-0.154868068774 0.57254875122 0.805110476273
0.16714673174 -0.788009923458 0.592539103469
-0.0449036302037
0 0 0

00000074.jpg
C:\Users\james_000\Desktop\SLAM_Mapping\Point_Cloud_Generator\VisualSFM_windows_64bit\VisualSFM_windows_64bit\room2\scene01161.jpg
1819.35559082
960 545
