# Camera parameter file. 

# The format of each camera is as follows:
# Filename (of the undistorted image in visualize folder)
# Original filename
# Focal Length (of the undistorted image)
# 2-vec Principal Point (image center)
# 3-vec Translation T (as in P = K[R T])
# 3-vec Camera Position C (as in P = K[R -RC])
# 3-vec Axis Angle format of R
# 4-vec Quaternion format of R
# 3x3 Matrix format of R
# [Normalized radial distortion] = [radial distortion] * [focal length]^2
# 3-vec Lat/Lng/Alt from EXIF

# The nubmer of cameras in this reconstruction
46

00000000.jpg
C:\Users\james_000\Desktop\SLAM_Mapping\Point_Cloud_Generator\VisualSFM_windows_64bit\VisualSFM_windows_64bit\room3\scene00091.jpg
1802.36547852
960 545
-1.47473032775 -2.16210434325 -0.94274775541
1.47500247084 -0.0572937281216 2.357835022
-1.3072516002 -0.118117036954 -0.185000478514
0.788287777243 -0.606812783899 -0.0548287169883 -0.0858753245145
0.979238716459 0.201930384839 0.0177790836109
-0.068847489888 0.248807139569 0.966102220171
0.190662313386 -0.94727018232 0.257544622978
-0.0551126589624
0 0 0

00000001.jpg
C:\Users\james_000\Desktop\SLAM_Mapping\Point_Cloud_Generator\VisualSFM_windows_64bit\VisualSFM_windows_64bit\room3\scene00841.jpg
1800.25109863
960 545
-1.84140805559 -2.85287603096 -1.22651756551
1.84614131117 -0.0789752312752 3.10153648204
-1.25652398339 -0.0670370459955 -0.101648694886
0.807317610256 -0.587366694731 -0.0313367103624 -0.0475160512082
0.993520661202 0.113533102338 0.00522154827089
-0.0399090773024 0.305487132627 0.951360643764
0.106416260763 -0.945405261573 0.308039101486
-0.0549382067117
0 0 0

00000002.jpg
C:\Users\james_000\Desktop\SLAM_Mapping\Point_Cloud_Generator\VisualSFM_windows_64bit\VisualSFM_windows_64bit\room3\scene00811.jpg
1796.92272949
960 545
-1.85705441817 -2.78517649399 -0.969864693757
1.88542441556 0.00411467036662 2.93114977042
-1.31382154901 -0.0881273343995 -0.105957466088
0.789676704759 -0.610175883728 -0.0409288264365 -0.0492096438492
0.991807223934 0.12766698862 -0.00458811251317
-0.0277718489686 0.250528676607 0.967711510958
0.124694050647 -0.959655213787 0.252021291617
-0.0517345615341
0 0 0

00000003.jpg
C:\Users\james_000\Desktop\SLAM_Mapping\Point_Cloud_Generator\VisualSFM_windows_64bit\VisualSFM_windows_64bit\room3\scene01021.jpg
1792.94213867
960 545
-2.00222712626 -2.84459862188 -1.39542039416
2.1228669655 -0.0147043636805 3.08885876002
-1.31416681007 -0.210414010104 -0.261653752058
0.778709493657 -0.607859141721 -0.0973256047919 -0.121026207582
0.951761252877 0.306808892629 -0.00444305422803
-0.0701681346736 0.231721434808 0.970249463019
0.298710435481 -0.923133274838 0.242071214363
-0.053330938514
0 0 0

00000004.jpg
C:\Users\james_000\Desktop\SLAM_Mapping\Point_Cloud_Generator\VisualSFM_windows_64bit\VisualSFM_windows_64bit\room3\scene00121.jpg
1801.63256836
960 545
-1.56911280801 -2.17994618843 -1.11892411012
1.59630771298 -0.133711818125 2.4290290043
-1.30313756005 -0.140229122684 -0.220593027384
0.787196316333 -0.60465876863 -0.0650666293776 -0.102355662514
0.9705809865 0.239834358558 0.021340042145
-0.0824616433905 0.247822521795 0.965289892218
0.226220885994 -0.938650728996 0.260308653497
-0.0561127435152
0 0 0

00000005.jpg
C:\Users\james_000\Desktop\SLAM_Mapping\Point_Cloud_Generator\VisualSFM_windows_64bit\VisualSFM_windows_64bit\room3\scene00061.jpg
1807.15490723
960 545
-1.38168719875 -2.15878824661 -0.76654749779
1.37925594489 0.00567771136655 2.29229706976
-1.32790269823 -0.106561366271 -0.152491445185
0.783551692671 -0.61531820757 -0.0493779769991 -0.0706608721003
0.985139302924 0.171499276501 0.00957739533363
-0.0499665072583 0.232782086016 0.971245485007
0.164338185167 -0.957289007284 0.237891631411
-0.050935153356
0 0 0

00000006.jpg
C:\Users\james_000\Desktop\SLAM_Mapping\Point_Cloud_Generator\VisualSFM_windows_64bit\VisualSFM_windows_64bit\room3\scene00181.jpg
1798.80444336
960 545
-1.68507347034 -2.0950320015 -1.17623988477
1.74333021081 -0.171899790863 2.35444530939
-1.33766632396 -0.175054152063 -0.270671126443
0.7725313818 -0.61730646518 -0.0807840175754 -0.124909353923
0.955743797849 0.292729826517 0.0293982745931
-0.0932557566269 0.206661363847 0.973958755992
0.279031029493 -0.933595710167 0.224813781769
-0.0573203602066
0 0 0

00000007.jpg
C:\Users\james_000\Desktop\SLAM_Mapping\Point_Cloud_Generator\VisualSFM_windows_64bit\VisualSFM_windows_64bit\room3\scene00151.jpg
1798.43432617
960 545
-1.65161057018 -2.12171667934 -1.30367818073
1.72245192072 -0.217980760525 2.4320176612
-1.29845069648 -0.166241540371 -0.263192306919
0.785296091862 -0.602060127677 -0.0770821743887 -0.122035895808
0.958330995565 0.284484548782 0.0258812530365
-0.0988526993982 0.24526329596 0.964404337389
0.268010574235 -0.926777523935 0.263165516052
-0.0666716508073
0 0 0

00000008.jpg
C:\Users\james_000\Desktop\SLAM_Mapping\Point_Cloud_Generator\VisualSFM_windows_64bit\VisualSFM_windows_64bit\room3\scene01051.jpg
1786.15356445
960 545
-2.04709397899 -2.81139179291 -1.25296385649
2.19130548657 0.00760174874062 2.97700210747
-1.39129540109 -0.259144587027 -0.305065516366
0.749251733663 -0.636468660672 -0.118549524491 -0.13955673286
0.932940257146 0.360032271024 3.46944695195e-018
-0.058220225135 0.150864283704 0.986839495991
0.355293747 -0.920661493734 0.161708100739
-0.0484121494336
0 0 0

00000009.jpg
C:\Users\james_000\Desktop\SLAM_Mapping\Point_Cloud_Generator\VisualSFM_windows_64bit\VisualSFM_windows_64bit\room3\scene00361.jpg
1797.07958984
960 545
-2.12798340314 -2.13292158547 -1.78463404654
2.39757680875 -0.0182572141425 2.55222925292
-1.28046581684 -0.315426148235 -0.4342553348
0.768564755719 -0.590034803005 -0.145347421843 -0.200103554153
0.877665597567 0.479105244535 0.0127182335124
-0.136064912331 0.223635282994 0.965129060487
0.459553856566 -0.848790756463 0.261466254375
-0.0462366549443
0 0 0

00000010.jpg
C:\Users\james_000\Desktop\SLAM_Mapping\Point_Cloud_Generator\VisualSFM_windows_64bit\VisualSFM_windows_64bit\room3\scene00391.jpg
1796.36401367
960 545
-2.19073777218 -2.04371951967 -2.16672839548
2.5866298558 -0.0515925601908 2.64149554962
-1.22269052963 -0.342831543789 -0.493468686058
0.77683146954 -0.565152357483 -0.158463691749 -0.228091233645
0.84572809465 0.533489139419 0.0116132329692
-0.175264653468 0.257155461874 0.95034482038
0.504011563089 -0.80576772513 0.310984971746
-0.0472557144109
0 0 0

00000011.jpg
C:\Users\james_000\Desktop\SLAM_Mapping\Point_Cloud_Generator\VisualSFM_windows_64bit\VisualSFM_windows_64bit\room3\scene00721.jpg
1800.49304199
960 545
-2.0904934022 -2.48357097573 -1.72039135021
2.36236650128 0.0392030014137 2.81348605648
-1.28870031924 -0.320340974771 -0.395817621242
0.769443579955 -0.594024337403 -0.147660656586 -0.182451495262
0.889815981423 0.456200188584 -0.0104718774709
-0.105344338147 0.227694074455 0.96801852416
0.443994299416 -0.860254326846 0.250663635057
-0.0459629543837
0 0 0

00000012.jpg
C:\Users\james_000\Desktop\SLAM_Mapping\Point_Cloud_Generator\VisualSFM_windows_64bit\VisualSFM_windows_64bit\room3\scene00331.jpg
1804.1496582
960 545
-2.09041336782 -2.11883834147 -1.36343630033
2.22904942109 0.105981336564 2.39548923977
-1.3515918037 -0.304565198877 -0.412446757743
0.74996651967 -0.618472590809 -0.13936547048 -0.188730809208
0.889915661673 0.455470912354 0.0244108636854
-0.110696240192 0.163744978714 0.980272330555
0.442488611117 -0.875062615206 0.196138482119
-0.0494518545763
0 0 0

00000013.jpg
C:\Users\james_000\Desktop\SLAM_Mapping\Point_Cloud_Generator\VisualSFM_windows_64bit\VisualSFM_windows_64bit\room3\scene00421.jpg
1799.20300293
960 545
-2.23161733496 -1.97395413256 -2.25169411298
2.70146566445 0.0168590366699 2.5784748158
-1.24992727422 -0.395313066584 -0.570381053277
0.75520516138 -0.57308295514 -0.181248289461 -0.261515742803
0.797516903543 0.602736536329 0.0259809579838
-0.187255618659 0.206371748375 0.960389262983
0.573499532753 -0.770791559497 0.27745069118
-0.0416058686008
0 0 0

00000014.jpg
C:\Users\james_000\Desktop\SLAM_Mapping\Point_Cloud_Generator\VisualSFM_windows_64bit\VisualSFM_windows_64bit\room3\scene00691.jpg
1804.45666504
960 545
-2.13529059562 -2.29763781427 -2.50066998214
2.63507588042 -0.0428325619005 3.0243141626
-1.16248630705 -0.362830579327 -0.512174619984
0.78965075632 -0.539886337392 -0.168507165528 -0.237866096152
0.830050845866 0.557611661447 -0.00928224725704
-0.19371290947 0.303885448737 0.932807264842
0.522964995562 -0.772479353752 0.360256973222
-0.0344722883881
0 0 0

00000015.jpg
C:\Users\james_000\Desktop\SLAM_Mapping\Point_Cloud_Generator\VisualSFM_windows_64bit\VisualSFM_windows_64bit\room3\scene01141.jpg
1795.55810547
960 545
-2.43590673858 -2.65545287721 -2.6097882445
2.76564304752 -0.0401586674558 3.48506115158
-1.1686941866 -0.299827260815 -0.48311161294
0.796184228955 -0.544080008522 -0.139583152282 -0.224910308873
0.85986421127 0.510028834091 0.022470578219
-0.206251329325 0.306785376413 0.929163186317
0.467006196119 -0.803588501983 0.368987718064
-0.0523985807292
0 0 0

00000016.jpg
C:\Users\james_000\Desktop\SLAM_Mapping\Point_Cloud_Generator\VisualSFM_windows_64bit\VisualSFM_windows_64bit\room3\scene01171.jpg
1802.10266113
960 545
-2.39924244259 -2.54605632057 -3.18236516792
2.91374022826 0.0550497111364 3.72468575287
-1.05833391475 -0.341117970149 -0.562792624251
0.812055676699 -0.495580541704 -0.159733545411 -0.263535987751
0.81006865317 0.586333439734 0.00178144792758
-0.269690139735 0.369897896577 0.889068441539
0.520631577168 -0.720687527071 0.457771138491
-0.0477804909776
0 0 0

00000017.jpg
C:\Users\james_000\Desktop\SLAM_Mapping\Point_Cloud_Generator\VisualSFM_windows_64bit\VisualSFM_windows_64bit\room3\scene00451.jpg
1799.0847168
960 545
-2.21733854464 -2.04942567302 -2.15935196479
2.72125381557 0.0984580153678 2.52281833858
-1.29244929336 -0.443086352095 -0.586467971552
0.736158086849 -0.58832286085 -0.201692887765 -0.266960194564
0.776104562361 0.630370823706 0.0171617520464
-0.155728800673 0.165217475045 0.973885532612
0.611073153599 -0.758508994161 0.226392877929
-0.0385861908016
0 0 0

00000018.jpg
C:\Users\james_000\Desktop\SLAM_Mapping\Point_Cloud_Generator\VisualSFM_windows_64bit\VisualSFM_windows_64bit\room3\scene00481.jpg
1803.46508789
960 545
-2.27620095727 -2.09225370176 -2.02897609996
2.75131045112 0.253708628021 2.45789948998
-1.33372497809 -0.487122779905 -0.610666835149
0.715942482995 -0.602435624012 -0.22003045658 -0.275834570049
0.751004268731 0.660071621183 0.0172867924993
-0.129855126723 0.121973875488 0.98400266337
0.647403398173 -0.741234362627 0.177316411606
-0.0418134696042
0 0 0

00000019.jpg
C:\Users\james_000\Desktop\SLAM_Mapping\Point_Cloud_Generator\VisualSFM_windows_64bit\VisualSFM_windows_64bit\room3\scene00511.jpg
1807.54577637
960 545
-2.26525538232 -2.0134335174 -2.38184794249
2.84882462249 0.352314136864 2.57265466169
-1.25823256296 -0.522642484132 -0.70177142846
0.720490265037 -0.56932975558 -0.236487217472 -0.317540149254
0.686484634401 0.726847518505 0.0207965715577
-0.188290826678 0.150064689987 0.970581549902
0.702343523534 -0.670204636064 0.239875563663
-0.0474426664806
0 0 0

00000020.jpg
C:\Users\james_000\Desktop\SLAM_Mapping\Point_Cloud_Generator\VisualSFM_windows_64bit\VisualSFM_windows_64bit\room3\scene00541.jpg
1803.61462402
960 545
-2.16474345948 -2.0211130621 -2.66034021421
2.90212229674 0.268719100079 2.71180590855
-1.20593704009 -0.528644856145 -0.722039448953
0.731110757442 -0.547888147977 -0.240176925945 -0.328041052976
0.669408478127 0.742848803061 0.00826774790912
-0.216488567793 0.184415467009 0.958709248015
0.710651484899 -0.643558427428 0.284267813455
-0.0436035354036
0 0 0

00000021.jpg
C:\Users\james_000\Desktop\SLAM_Mapping\Point_Cloud_Generator\VisualSFM_windows_64bit\VisualSFM_windows_64bit\room3\scene00631.jpg
1803.82373047
960 545
-2.12983361063 -2.00931196251 -3.01356970682
2.98775324058 0.0756468199531 2.95342668026
-1.1365259318 -0.482449061842 -0.700887261527
0.758443408682 -0.521724428594 -0.221469175557 -0.321743653882
0.694864946848 0.719140337092 -0.000220782757295
-0.256957077197 0.248569914454 0.933909345868
0.671666562953 -0.648884470195 0.357510755392
-0.045469116298
0 0 0

00000022.jpg
C:\Users\james_000\Desktop\SLAM_Mapping\Point_Cloud_Generator\VisualSFM_windows_64bit\VisualSFM_windows_64bit\room3\scene00601.jpg
1802.84118652
960 545
-2.14233592901 -1.86066219359 -3.27207668172
3.0943900482 0.073892847952 3.02942762364
-1.08729484727 -0.478678255046 -0.741305798043
0.76474136136 -0.500305796635 -0.220258107838 -0.341103049251
0.670270107228 0.742104032751 0.00443073768626
-0.301318408242 0.26668606578 0.915470850941
0.678192678641 -0.614947293118 0.402361226091
-0.0420864475729
0 0 0

00000023.jpg
C:\Users\james_000\Desktop\SLAM_Mapping\Point_Cloud_Generator\VisualSFM_windows_64bit\VisualSFM_windows_64bit\room3\scene00571.jpg
1800.19213867
960 545
-2.12085775858 -1.9746796918 -2.96385646554
2.99345599061 0.179160537129 2.86163645075
-1.14486274776 -0.514837608561 -0.729845020571
0.74782005155 -0.523451141486 -0.235392700486 -0.333697825239
0.666471887879 0.74552497502 -0.00271353886579
-0.252658724471 0.229289145977 0.939994630305
0.701411986782 -0.625794408136 0.341178284146
-0.0468430990889
0 0 0

00000024.jpg
C:\Users\james_000\Desktop\SLAM_Mapping\Point_Cloud_Generator\VisualSFM_windows_64bit\VisualSFM_windows_64bit\room3\scene01111.jpg
1801.07373047
960 545
-2.32926238201 -2.69783317277 -2.08075939276
2.58906061212 -0.00889319630986 3.21403247668
-1.26577697136 -0.306183839586 -0.441119143
0.772846557257 -0.584199641427 -0.141314381083 -0.2035916682
0.877161267171 0.479801640206 0.0194477390409
-0.149578839213 0.234523012858 0.960534013074
0.456305070686 -0.845452713438 0.277482924227
-0.0495492868025
0 0 0

00000025.jpg
C:\Users\james_000\Desktop\SLAM_Mapping\Point_Cloud_Generator\VisualSFM_windows_64bit\VisualSFM_windows_64bit\room3\scene00991.jpg
1800.92370605
960 545
-1.86586171882 -2.95730044009 -0.996479733427
1.9123029548 0.0107741906844 3.09241199277
-1.34003380456 -0.117603447036 -0.135638340121
0.780080053841 -0.620139631721 -0.0544244168215 -0.0627705883266
0.986195630545 0.165433613245 -0.00705776359337
-0.0304307224409 0.22297382723 0.974349745455
0.162763844424 -0.960684483753 0.224930103829
-0.0397543993321
0 0 0

00000026.jpg
C:\Users\james_000\Desktop\SLAM_Mapping\Point_Cloud_Generator\VisualSFM_windows_64bit\VisualSFM_windows_64bit\room3\scene00661.jpg
1806.56628418
960 545
-2.09451685872 -2.08871175935 -2.98184211848
2.85046111018 -4.4408920985e-016 3.08479868917
-1.10879421167 -0.433287796187 -0.649093179322
0.778857705233 -0.512893675906 -0.200425442497 -0.300250292835
0.739358540953 0.673298392268 -0.00421288714866
-0.262110624025 0.293579365787 0.919297557294
0.620198713704 -0.678587208484 0.393539393265
-0.0348434592992
0 0 0

00000027.jpg
C:\Users\james_000\Desktop\SLAM_Mapping\Point_Cloud_Generator\VisualSFM_windows_64bit\VisualSFM_windows_64bit\room3\scene00871.jpg
1794.10241699
960 545
-1.70696234095 -2.96396942798 -1.26528767911
1.70815887879 -0.127658181768 3.21957636202
-1.2188521084 -0.0131657345002 -0.0200813315166
0.819909204033 -0.572382873579 -0.00618273611218 -0.00943035677549
0.999745877571 0.0225417761916 0.000656976436706
-0.00838636907853 0.344578613196 0.938720694335
0.0209341054147 -0.938487250779 0.344679920664
-0.0600001142847
0 0 0

00000028.jpg
C:\Users\james_000\Desktop\SLAM_Mapping\Point_Cloud_Generator\VisualSFM_windows_64bit\VisualSFM_windows_64bit\room3\scene01291.jpg
1794.28857422
960 545
-1.99289732514 -3.31505970089 -1.84496332119
1.88482192573 -0.109062669677 3.84716750615
-1.08926142177 0.027835262944 -0.011193168291
0.855211680582 -0.518082445693 0.0132392103625 -0.00532377617288
0.999592748168 -0.00461209632069 0.0281609752841
-0.0228239185921 0.463124688652 0.885999461312
-0.0171283340908 -0.886281174933 0.462830637596
-0.0376593097531
0 0 0

00000029.jpg
C:\Users\james_000\Desktop\SLAM_Mapping\Point_Cloud_Generator\VisualSFM_windows_64bit\VisualSFM_windows_64bit\room3\scene01321.jpg
1797.26574707
960 545
-1.8721934869 -3.40658133355 -1.35772157741
1.82561764453 -0.0282747448918 3.69047841882
-1.1837198499 0.0292356365918 0.019413591534
0.829759399826 -0.557876238295 0.0137784856504 0.00914944648238
0.999453047548 -0.0305569360938 0.0126569982368
-0.000189579205959 0.377380932239 0.926058194747
-0.0330743136985 -0.925554015913 0.377168666614
-0.0380791745584
0 0 0

00000030.jpg
C:\Users\james_000\Desktop\SLAM_Mapping\Point_Cloud_Generator\VisualSFM_windows_64bit\VisualSFM_windows_64bit\room3\scene00901.jpg
1802.390625
960 545
-1.62415617428 -2.98885266975 -0.677369484664
1.60369010473 -4.4408920985e-016 3.07540721458
-1.30913795194 0.054301519968 0.0565072283809
0.792596527191 -0.608656953152 0.0252463826645 0.026271881742
0.997344498352 -0.0723789060563 0.00803947885216
0.0109131028698 0.257693405627 0.966165202635
-0.0720013020438 -0.963512346641 0.257799115681
-0.0452480238442
0 0 0

00000031.jpg
C:\Users\james_000\Desktop\SLAM_Mapping\Point_Cloud_Generator\VisualSFM_windows_64bit\VisualSFM_windows_64bit\room3\scene01261.jpg
1801.08215332
960 545
-2.25203801359 -3.04838147199 -2.36576790834
2.13501377497 -0.18017647466 3.92050938425
-1.03496397492 -0.0336974261543 -0.147875340264
0.866320380378 -0.494210733112 -0.0160910235402 -0.0706126803366
0.989510615645 0.138251144457 0.0419151713279
-0.106441671898 0.501539472076 0.858562291733
0.0976750978639 -0.854017029452 0.510993918115
-0.0397538779677
0 0 0

00000032.jpg
C:\Users\james_000\Desktop\SLAM_Mapping\Point_Cloud_Generator\VisualSFM_windows_64bit\VisualSFM_windows_64bit\room3\scene01201.jpg
1809.98986816
960 545
-2.33567589036 -2.4803628328 -3.38578299619
2.8245271391 -2.22044604925e-016 3.88499051592
-0.994800910173 -0.307667827108 -0.554513508288
0.831014532788 -0.469053599808 -0.145066917786 -0.261455889862
0.821193120227 0.570635587703 0.00416825620753
-0.29845898893 0.423258981664 0.855437956239
0.486379123837 -0.703723476148 0.517888512927
-0.0403415326415
0 0 0

00000033.jpg
C:\Users\james_000\Desktop\SLAM_Mapping\Point_Cloud_Generator\VisualSFM_windows_64bit\VisualSFM_windows_64bit\room3\scene01231.jpg
1807.55078125
960 545
-2.40167692993 -2.67724095237 -2.99629578783
2.52440650455 -0.1404694678 3.93968136602
-0.996670293783 -0.167998036864 -0.372115741506
0.858465197792 -0.474594903372 -0.0799973798455 -0.177194239143
0.924405212177 0.380162815892 0.0308409885467
-0.228297534322 0.486724262863 0.843196777235
0.305540854594 -0.786496053144 0.53672050824
-0.0383862870742
0 0 0

00000034.jpg
C:\Users\james_000\Desktop\SLAM_Mapping\Point_Cloud_Generator\VisualSFM_windows_64bit\VisualSFM_windows_64bit\room3\scene00031.jpg
1805.09191895
960 545
-1.25314732048 -2.15368522188 -0.655523275428
1.2633352609 0.00544279367236 2.24552883668
-1.34264353966 -0.0862404107897 -0.10791544849
0.78079103714 -0.621511521256 -0.0399208034899 -0.0499542079316
0.991821936304 0.127629997173 -0.000245362216133
-0.0283851941087 0.222456619178 0.97452965968
0.124433860025 -0.966552841424 0.224260019231
-0.0490960937073
0 0 0

00000035.jpg
C:\Users\james_000\Desktop\SLAM_Mapping\Point_Cloud_Generator\VisualSFM_windows_64bit\VisualSFM_windows_64bit\room3\scene00961.jpg
1793.83862305
960 545
-1.74655604285 -2.95917129013 -0.532474688177
1.73996498498 0.0342341068887 3.01032032484
-1.38877349048 -0.00714127364504 -0.0121237674559
0.768423480209 -0.639908852207 -0.00329050363706 -0.00558630055247
0.999916481575 0.0127967344235 0.00209223323325
-0.00437384362459 0.180970708763 0.983478811165
0.012206234259 -0.983405137754 0.18101138941
-0.038924189295
0 0 0

00000036.jpg
C:\Users\james_000\Desktop\SLAM_Mapping\Point_Cloud_Generator\VisualSFM_windows_64bit\VisualSFM_windows_64bit\room3\scene00001.jpg
1807.52612305
960 545
-1.09826229187 -2.15455924058 -0.600875767461
1.13289440945 0.0197424782469 2.21935080053
-1.34529013992 -0.0878890897667 -0.0871419712537
0.780403277551 -0.622646932175 -0.0406781187871 -0.0403323264288
0.993437145043 0.113607234268 -0.0132651333151
-0.0122946846774 0.221367995622 0.975112842347
0.113716215589 -0.96854998416 0.221311961782
-0.0534829912782
0 0 0

00000037.jpg
C:\Users\james_000\Desktop\SLAM_Mapping\Point_Cloud_Generator\VisualSFM_windows_64bit\VisualSFM_windows_64bit\room3\scene01351.jpg
1798.17785645
960 545
-1.8397636783 -3.43120127929 -1.03729436057
1.80025315624 0.041680570923 3.60433204838
-1.25521449327 0.0225553005492 0.0104625973578
0.809362534452 -0.587194116563 0.0105514554292 0.00489444285853
0.999729606706 -0.0203142393899 0.0113319214165
-0.00446872468306 0.310357925182 0.950608926563
-0.0228278894169 -0.950402747022 0.310183316807
-0.0429096065767
0 0 0

00000038.jpg
C:\Users\james_000\Desktop\SLAM_Mapping\Point_Cloud_Generator\VisualSFM_windows_64bit\VisualSFM_windows_64bit\room3\scene00781.jpg
1799.85754395
960 545
-1.87959709918 -2.68246123636 -0.681746140929
1.92435083072 0.150309672009 2.73267986429
-1.40774348496 -0.159372753992 -0.166048192354
0.756261186537 -0.645697210241 -0.0731003508383 -0.0761622097448
0.977711342861 0.209598398776 -0.0122104322121
-0.0207956936674 0.154549242179 0.987766344722
0.208921400033 -0.965496608718 0.155463344007
-0.0658007429275
0 0 0

00000039.jpg
C:\Users\james_000\Desktop\SLAM_Mapping\Point_Cloud_Generator\VisualSFM_windows_64bit\VisualSFM_windows_64bit\room3\scene00211.jpg
1793.74475098
960 545
-1.73991622034 -2.11663499713 -0.873434666555
1.75236805703 0.00818366136713 2.28023637155
-1.40253049422 -0.192447000052 -0.276016901883
0.751037341704 -0.642041003321 -0.0880970970031 -0.126353166187
0.952547634554 0.302915837219 0.0299193596628
-0.076667946976 0.143636423955 0.986656477646
0.294576197843 -0.942130595951 0.160044296025
-0.0544347656528
0 0 0

00000040.jpg
C:\Users\james_000\Desktop\SLAM_Mapping\Point_Cloud_Generator\VisualSFM_windows_64bit\VisualSFM_windows_64bit\room3\scene00751.jpg
1798.61706543
960 545
-2.04941588476 -2.58520985198 -1.02285025067
2.17936576451 0.1602613207 2.67475599853
-1.41919715244 -0.28852339484 -0.311900139788
0.737984781404 -0.646467296243 -0.131427080899 -0.142075566964
0.925083055597 0.379625813488 -0.0102879627877
-0.0397726114279 0.123789271557 0.991511109424
0.377676779484 -0.916820995785 0.12961382318
-0.0448822734358
0 0 0

00000041.jpg
C:\Users\james_000\Desktop\SLAM_Mapping\Point_Cloud_Generator\VisualSFM_windows_64bit\VisualSFM_windows_64bit\room3\scene01081.jpg
1791.13659668
960 545
-2.21212880255 -2.75353856295 -1.32246853844
2.38565958052 0.0734736857728 2.92021155002
-1.42568731942 -0.318873084633 -0.38003575147
0.72843148115 -0.647064275499 -0.144724147205 -0.172483513628
0.898608685382 0.438576405059 0.012372582445
-0.0639932801648 0.103114952131 0.992609083151
0.434059082071 -0.892758871252 0.120726053411
-0.0459450060571
0 0 0

00000042.jpg
C:\Users\james_000\Desktop\SLAM_Mapping\Point_Cloud_Generator\VisualSFM_windows_64bit\VisualSFM_windows_64bit\room3\scene00301.jpg
1813.31506348
960 545
-1.99887705506 -2.12857434111 -0.943184469774
2.0625484846 0.266752850124 2.25625184638
-1.42803242866 -0.324409328628 -0.390739502298
0.726332618348 -0.647608939758 -0.147118774856 -0.17719933366
0.893912999083 0.447962224097 0.0157974179469
-0.0668603998512 0.0984059533333 0.992897620262
0.443226077745 -0.888620367259 0.11791733749
-0.0456660144018
0 0 0

00000043.jpg
C:\Users\james_000\Desktop\SLAM_Mapping\Point_Cloud_Generator\VisualSFM_windows_64bit\VisualSFM_windows_64bit\room3\scene00931.jpg
1800.78808594
960 545
-1.60287781747 -2.97813450127 -0.365475269293
1.60318140012 0.077240143039 2.99931932674
-1.37707390785 0.0612323784979 0.0675994363715
0.771217005116 -0.635180616854 0.0282436692208 0.0311804990631
0.996460050273 -0.0839735129489 0.00395347202682
0.012214211473 0.191146811009 0.981485589532
-0.0831745199329 -0.97796278262 0.191495814637
-0.04413050034
0 0 0

00000044.jpg
C:\Users\james_000\Desktop\SLAM_Mapping\Point_Cloud_Generator\VisualSFM_windows_64bit\VisualSFM_windows_64bit\room3\scene00241.jpg
1797.49182129
960 545
-1.79569033641 -2.12416262283 -0.695642818124
1.79460365751 0.148627424533 2.23109761288
-1.45862311981 -0.236853265817 -0.305770575406
0.728603288892 -0.662056004146 -0.107505581535 -0.138786532717
0.938361690184 0.344590069604 0.0271110865932
-0.0598912271614 0.0848403579565 0.994592984836
0.340426767716 -0.93491174337 0.100248962197
-0.0474550445306
0 0 0

00000045.jpg
C:\Users\james_000\Desktop\SLAM_Mapping\Point_Cloud_Generator\VisualSFM_windows_64bit\VisualSFM_windows_64bit\room3\scene00271.jpg
1789.22790527
960 545
-1.94589019514 -2.1167479937 -0.77277384646
1.97424966365 0.205143845724 2.21913183892
-1.47796570317 -0.291034552006 -0.355671875316
0.715201361658 -0.667398021315 -0.131421103837 -0.160609075917
0.913866356179 0.40515604327 0.0263952681744
-0.054315275893 0.057569040321 0.996862798211
0.402365477833 -0.91243309624 0.0746165543707
-0.065268657141
0 0 0

