# Camera parameter file. 

# The format of each camera is as follows:
# Filename (of the undistorted image in visualize folder)
# Original filename
# Focal Length (of the undistorted image)
# 2-vec Principal Point (image center)
# 3-vec Translation T (as in P = K[R T])
# 3-vec Camera Position C (as in P = K[R -RC])
# 3-vec Axis Angle format of R
# 4-vec Quaternion format of R
# 3x3 Matrix format of R
# [Normalized radial distortion] = [radial distortion] * [focal length]^2
# 3-vec Lat/Lng/Alt from EXIF

# The nubmer of cameras in this reconstruction
28

00000000.jpg
C:\Users\james_000\Desktop\SLAM_Mapping\Point_Cloud_Generator\VisualSFM_windows_64bit\VisualSFM_windows_64bit\Room\scene00876.jpg
1882.91992188
640 369
-4.5314513088 1.10702521075 2.13130600412
5.12854310205 -0.0117758908075 -0.000124519895309
0.0432796170329 0.427428911763 -0.231788728166
0.970360346602 0.0214255842382 0.21159877981 -0.114747062503
0.884116778922 0.231759690612 0.405737036003
-0.213624306756 0.972747670637 -0.0901417915098
-0.415571225266 -0.00697964211974 0.909532359469
-1.4926249722
0 0 0

00000001.jpg
C:\Users\james_000\Desktop\SLAM_Mapping\Point_Cloud_Generator\VisualSFM_windows_64bit\VisualSFM_windows_64bit\Room\scene00856.jpg
1702.4987793
640 369
-3.25391709906 0.62849915723 1.0893470562
3.48818777946 -0.046531822467 -0.00835796995462
0.0187057155381 0.315313864484 -0.173808335447
0.983795820461 0.00930228452129 0.156804441667 -0.0864342550916
0.935881843957 0.172984744507 0.306918623166
-0.167149891109 0.984884743895 -0.0454096305266
-0.3101355942 -0.0088034359955 0.950650277576
-1.39125409923
0 0 0

00000002.jpg
C:\Users\james_000\Desktop\SLAM_Mapping\Point_Cloud_Generator\VisualSFM_windows_64bit\VisualSFM_windows_64bit\Room\scene00821.jpg
2393.46240234
640 369
-1.16079187685 0.265372593718 4.60236104473
1.80118238681 -0.0751489638479 -4.39883010432
-0.000146046765954 0.137046210007 -0.127624189712
0.995619582677 -7.29167275099e-005 0.0684230224891 -0.0637188930829
0.982517742974 0.126869604085 0.136256150619
-0.126889506875 0.991879674592 -0.00857438911013
-0.136237053766 -0.00886477839739 0.990635996078
-2.37410535515
0 0 0

00000003.jpg
C:\Users\james_000\Desktop\SLAM_Mapping\Point_Cloud_Generator\VisualSFM_windows_64bit\VisualSFM_windows_64bit\Room\scene00841.jpg
1994.77441406
640 369
-2.38427662218 0.490976070788 2.49977747517
2.95896885435 -0.125075960672 -1.84488147351
0.0123775313168 0.24206606038 -0.146106622902
0.990004475107 0.00616813189801 0.120629497938 -0.0728097468042
0.960294776093 0.145651637541 0.237949266166
-0.142676263129 0.989321144166 -0.029779062435
-0.239745704989 -0.00535314970671 0.970819522667
-1.74442308207
0 0 0

00000004.jpg
C:\Users\james_000\Desktop\SLAM_Mapping\Point_Cloud_Generator\VisualSFM_windows_64bit\VisualSFM_windows_64bit\Room\scene00836.jpg
2085.57495117
640 369
-2.10720762779 0.428068468365 2.94358627637
2.7320570142 -0.116233115104 -2.41052414582
0.00847849021611 0.218130614803 -0.13754206158
0.991690064788 0.00422749597239 0.108763031157 -0.0685804307777
0.966934965712 0.136940814047 0.215138591766
-0.135101313317 0.990556920939 -0.0233026244585
-0.216298277891 -0.00653316143955 0.976304851742
-1.86969536485
0 0 0

00000005.jpg
C:\Users\james_000\Desktop\SLAM_Mapping\Point_Cloud_Generator\VisualSFM_windows_64bit\VisualSFM_windows_64bit\Room\scene00831.jpg
2154.17626953
640 369
-1.8290663239 0.32375163518 3.28927415035
2.45351856057 -0.0356507053644 -2.87204270811
0.00104230364879 0.193855592436 -0.135417167302
0.993018042667 0.000519938372297 0.0967021091302 -0.0675509307007
0.972170703098 0.13425879476 0.191983955496
-0.134058377179 0.990872708088 -0.0140974200294
-0.192123801025 -0.0120321872904 0.98129592106
-1.97763339904
0 0 0

00000006.jpg
C:\Users\james_000\Desktop\SLAM_Mapping\Point_Cloud_Generator\VisualSFM_windows_64bit\VisualSFM_windows_64bit\Room\scene00826.jpg
2218.69116211
640 369
-1.47963129799 0.261253624205 3.63819099221
2.0720594648 -0.0141923549524 -3.34669715388
-0.0025421261496 0.163730682635 -0.133605737057
0.994422139312 -0.00126869892391 0.081713073485 -0.0666786165823
0.977753544865 0.13240641635 0.162683686332
-0.132820353843 0.991106015901 -0.00837368132769
-0.162345471047 -0.0134201705199 0.986642003852
-2.08134323212
0 0 0

00000007.jpg
C:\Users\james_000\Desktop\SLAM_Mapping\Point_Cloud_Generator\VisualSFM_windows_64bit\VisualSFM_windows_64bit\Room\scene00851.jpg
1740.93701172
640 369
-3.06413301584 0.586761170405 1.27411089067
3.35618182668 -0.0559000268259 -0.299168276214
0.0166176703724 0.299053132036 -0.167813848821
0.985301970828 0.00826808732368 0.148793263717 -0.0834954313739
0.941777038044 0.16699697855 0.291831839752
-0.162075873802 0.98591948101 -0.0411402485025
-0.294593344195 -0.00855399756252 0.955583375815
-1.44082275712
0 0 0

00000008.jpg
C:\Users\james_000\Desktop\SLAM_Mapping\Point_Cloud_Generator\VisualSFM_windows_64bit\VisualSFM_windows_64bit\Room\scene00846.jpg
1874.71716309
640 369
-2.72651032228 0.515305359102 1.91450237324
3.18453094335 -0.0656871158235 -1.10415913842
0.0121205434023 0.270743155418 -0.157071918511
0.987759762228 0.00603552507613 0.134818798917 -0.0782152640738
0.951412703244 0.156142976735 0.265393165805
-0.152888585842 0.987690431298 -0.0330130031857
-0.267281173243 -0.00916640792924 0.963574256964
-1.59175061885
0 0 0

00000009.jpg
C:\Users\james_000\Desktop\SLAM_Mapping\Point_Cloud_Generator\VisualSFM_windows_64bit\VisualSFM_windows_64bit\Room\scene00861.jpg
1659.21618652
640 369
-3.47501027957 0.657416268762 0.874530916907
3.62799466461 -8.32667268469e-017 0.332199380007
0.0187591338492 0.333905404207 -0.184287372977
0.981829413175 0.00932268706116 0.1659402623 -0.0915849058599
0.928151957285 0.182935910465 0.32414247911
-0.17674710704 0.983050725283 -0.048701799008
-0.327557642314 -0.0120886455421 0.944753303733
-1.32309967626
0 0 0

00000010.jpg
C:\Users\james_000\Desktop\SLAM_Mapping\Point_Cloud_Generator\VisualSFM_windows_64bit\VisualSFM_windows_64bit\Room\scene00811.jpg
2483.84765625
640 369
-0.488994187093 0.205045465996 5.143907144
0.916024854799 -0.110770884327 -5.08818412125
-0.00225780360961 0.0797009325495 -0.117528698505
0.99747974518 -0.00112795327196 0.03981698287 -0.058714973908
0.989934628132 0.117044705842 0.0795657904044
-0.117223283006 0.993103005972 -0.00242539827635
-0.0793007453035 -0.00692584044551 0.996825734074
-2.53465031482
0 0 0

00000011.jpg
C:\Users\james_000\Desktop\SLAM_Mapping\Point_Cloud_Generator\VisualSFM_windows_64bit\VisualSFM_windows_64bit\Room\scene00806.jpg
2590.35327148
640 369
-0.00997500987648 0.0804282240643 5.74621027253
0.239920638948 -0.00219472818875 -5.74177278072
-0.0111363054495 0.0391681897721 -0.113419984866
0.998185152532 -0.00556478386776 0.0195722460703 -0.0566756816182
0.992809396881 0.112927974259 0.039704219842
-0.113363321344 0.993513392044 0.0088909007159
-0.0384426818745 -0.0133278378195 0.999171606019
-2.71058321915
0 0 0

00000012.jpg
C:\Users\james_000\Desktop\SLAM_Mapping\Point_Cloud_Generator\VisualSFM_windows_64bit\VisualSFM_windows_64bit\Room\scene00801.jpg
2226.24829102
640 369
0.458885633911 0.0242592695255 3.84289563383
-0.459079278771 -0.022250169626 -3.84288518388
-0.0130509995577 -0.000685248202665 -0.104897895741
0.998603497466 -0.00652246187028 -0.00034246459467 -0.052424530567
0.994503355609 0.10470709762 -5.55111512313e-017
-0.104698180689 0.994417907022 0.0130625988788
0.00136794536798 -0.0129908140642 0.999914517976
-2.12280315005
0 0 0

00000013.jpg
C:\Users\james_000\Desktop\SLAM_Mapping\Point_Cloud_Generator\VisualSFM_windows_64bit\VisualSFM_windows_64bit\Room\scene00796.jpg
2149.08862305
640 369
0.827032793139 -0.0244381054061 3.48426460194
-0.939255689584 1.52655665886e-016 -3.45578777954
-0.0160032856537 -0.0319958958565 -0.0905284855321
0.99881592446 -0.00799848439431 -0.01599163317 -0.0452463759278
0.995393694573 0.0906410966359 -0.0312219397568
-0.0901301065675 0.995778116547 0.0174250022952
0.0326688517166 -0.0145310520431 0.999361192703
-2.00371678246
0 0 0

00000014.jpg
C:\Users\james_000\Desktop\SLAM_Mapping\Point_Cloud_Generator\VisualSFM_windows_64bit\VisualSFM_windows_64bit\Room\scene00791.jpg
2143.01293945
640 369
1.25727360939 -0.0779261014651 3.5300411123
-1.49893681284 0.0402450857535 -3.43505376925
-0.0194395504558 -0.0680324238153 -0.0764429455801
0.998643863054 -0.00971538104842 -0.0340008336364 -0.038204193377
0.994768135096 0.0769653754057 -0.0671673592049
-0.0756441576299 0.99689178805 0.0220024813749
0.068651536194 -0.0168063412701 0.997498337718
-1.99594053724
0 0 0

00000015.jpg
C:\Users\james_000\Desktop\SLAM_Mapping\Point_Cloud_Generator\VisualSFM_windows_64bit\VisualSFM_windows_64bit\Room\scene00786.jpg
2174.38037109
640 369
1.61537864215 -0.147355373883 3.77981125375
-1.98441570648 0.12922215152 -3.60049304666
-0.0253084518245 -0.0975676120408 -0.0619506132635
0.998250460096 -0.0126468453601 -0.0487553529623 -0.0309572403456
0.993327624445 0.0630395833651 -0.0965562722584
-0.0605727343081 0.99776349019 0.0282681441273
0.0981239418488 -0.0222307326706 0.994924809695
-2.0419741126
0 0 0

00000016.jpg
C:\Users\james_000\Desktop\SLAM_Mapping\Point_Cloud_Generator\VisualSFM_windows_64bit\VisualSFM_windows_64bit\Room\scene00776.jpg
2660.10571289
640 369
2.25646958113 -0.117919040616 6.60580086712
-3.22024611752 0.1585800127 -6.19250158503
-0.0230993609856 -0.149456927916 -0.0391621376707
0.996950754283 -0.0115379388334 -0.0746524933571 -0.0195611622898
0.98808769785 0.0407259798223 -0.148398454586
-0.0372800821757 0.998967987718 0.0259262518136
0.14930098366 -0.0200847754777 0.988587540291
-2.84596465115
0 0 0

00000017.jpg
C:\Users\james_000\Desktop\SLAM_Mapping\Point_Cloud_Generator\VisualSFM_windows_64bit\VisualSFM_windows_64bit\Room\scene00886.jpg
2244.92358398
640 369
-4.97938541778 1.32663650585 3.98199727951
6.39668055841 0.0141014900209 -1.22182628707
0.0535431381916 0.467453109529 -0.254556469536
0.964440403662 0.0264534816541 0.230949523594 -0.125765973461
0.861689750669 0.254806621037 0.438819999539
-0.230368523809 0.966965993073 -0.109116731052
-0.452128207503 -0.00706550495323 0.891925425122
-1.8503632952
0 0 0

00000018.jpg
C:\Users\james_000\Desktop\SLAM_Mapping\Point_Cloud_Generator\VisualSFM_windows_64bit\VisualSFM_windows_64bit\Room\scene00891.jpg
2287.84399414
640 369
-5.23184383442 1.47110827085 4.26330507881
6.80420269631 -0.0145610268589 -1.18941966996
0.0631128912613 0.489575028384 -0.264266988204
0.961067264039 0.0311458464713 0.241602442314 -0.130414228813
0.849241007062 0.26572380995 0.456268647489
-0.23562357436 0.964043520628 -0.122883248368
-0.47251614539 -0.00315023455045 0.881316616342
-1.88029621505
0 0 0

00000019.jpg
C:\Users\james_000\Desktop\SLAM_Mapping\Point_Cloud_Generator\VisualSFM_windows_64bit\VisualSFM_windows_64bit\Room\scene00881.jpg
2046.0534668
640 369
-4.72155820413 1.20535063882 2.9452522941
5.66672082289 -2.35922392733e-016 -0.555666287146
0.0481629068407 0.444490770964 -0.243259307111
0.967791057265 0.0238223479026 0.219854125924 -0.120320973643
0.87437414689 0.243366031533 0.419813090061
-0.222416217641 0.969910755501 -0.0990162158681
-0.431278337827 -0.00679599481524 0.902193219698
-1.63971314546
0 0 0

00000020.jpg
C:\Users\james_000\Desktop\SLAM_Mapping\Point_Cloud_Generator\VisualSFM_windows_64bit\VisualSFM_windows_64bit\Room\scene00896.jpg
2518.01196289
640 369
-5.43724761492 1.57651409824 5.40429580357
7.57942788717 0.00492279202023 -1.95133831244
0.0681343121506 0.507314483521 -0.2746172262
0.958117599127 0.0335902099332 0.250105996021 -0.135386268507
0.838235018052 0.276234096785 0.470166600049
-0.242629769361 0.961084855318 -0.13208858731
-0.488357225689 -0.00335510212871 0.872637461661
-2.09898017141
0 0 0

00000021.jpg
C:\Users\james_000\Desktop\SLAM_Mapping\Point_Cloud_Generator\VisualSFM_windows_64bit\VisualSFM_windows_64bit\Room\scene00901.jpg
2750.53393555
640 369
-5.70893744965 1.7184492972 6.62932244453
8.51178061323 0.0433143246204 -2.65343650133
0.0743798381031 0.53292546802 -0.288580537346
0.953758130385 0.0366148883275 0.262342685815 -0.142059251779
0.821990783646 0.290191708998 0.490020101888
-0.251768956526 0.956956567619 -0.144379900692
-0.510825776283 -0.00469291094967 0.859670933834
-2.39353753156
0 0 0

00000022.jpg
C:\Users\james_000\Desktop\SLAM_Mapping\Point_Cloud_Generator\VisualSFM_windows_64bit\VisualSFM_windows_64bit\Room\scene00641.jpg
2618.30004883
640 369
9.99940003264 1.83392174331 13.4374835606
-16.8032575027 1.24657140271 -0.118841633076
0.0412643115756 -0.917433381704 0.233274746639
0.889857762153 0.0198689520848 -0.441748310005 0.112322842344
0.584483439348 -0.217456871558 -0.781722867442
0.182348540951 0.97397701876 -0.13459800768
0.79064978286 -0.063875842726 0.608926889348
-3.62095887566
0 0 0

00000023.jpg
C:\Users\james_000\Desktop\SLAM_Mapping\Point_Cloud_Generator\VisualSFM_windows_64bit\VisualSFM_windows_64bit\Room\scene00661.jpg
2798.22070313
640 369
8.88330863468 1.5926598377 12.7601122764
-15.3322137147 0.482433122687 -2.9934593496
0.0495143455931 -0.762174637178 0.194631325215
0.923344400406 0.0241212876129 -0.371299133906 0.0948161208184
0.706293278907 -0.193008306655 -0.68109976612
0.157183430248 0.980855793859 -0.114954887827
0.69024813855 -0.0258658644353 0.723110454278
-4.05391669972
0 0 0

00000024.jpg
C:\Users\james_000\Desktop\SLAM_Mapping\Point_Cloud_Generator\VisualSFM_windows_64bit\VisualSFM_windows_64bit\Room\scene00601.jpg
2290.91943359
640 369
11.2469925873 2.11257062509 14.0323646893
-17.2950431653 3.27910790291 4.24194734251
-0.0237398819318 -1.12874604523 0.325169976914
0.832359389509 -0.0111989212003 -0.532468444956 0.153393894655
0.385895184727 -0.243431603618 -0.889846080146
0.267283790419 0.95268998149 -0.144711645423
0.882974358958 -0.181997754277 0.432703446997
-2.96180090402
0 0 0

00000025.jpg
C:\Users\james_000\Desktop\SLAM_Mapping\Point_Cloud_Generator\VisualSFM_windows_64bit\VisualSFM_windows_64bit\Room\scene00646.jpg
2956.65551758
640 369
9.78551361774 1.82814393488 15.1930047062
-18.0371407543 1.01958898977 -1.88352828554
0.0504304144872 -0.887426851797 0.221142263355
0.896948657877 0.0243429522527 -0.428364305563 0.106746208863
0.610218648303 -0.212347012897 -0.763244555451
0.170636462197 0.976025875687 -0.135121259899
0.773638600377 -0.0477837464922 0.631823055477
-4.48900111658
0 0 0

00000026.jpg
C:\Users\james_000\Desktop\SLAM_Mapping\Point_Cloud_Generator\VisualSFM_windows_64bit\VisualSFM_windows_64bit\Room\scene00651.jpg
2842.38720703
640 369
9.52832663646 1.78022927175 14.0447357396
-16.9328525235 0.756286491408 -1.97971811118
0.0532808411432 -0.850491823131 0.211504435726
0.905174158382 0.0257929066901 -0.411717528552 0.102387913895
0.640010965336 -0.206596510883 -0.740070414608
0.16411906427 0.977703064092 -0.131004014351
0.750633854987 -0.0376157239289 0.659646998584
-4.20009451193
0 0 0

00000027.jpg
C:\Users\james_000\Desktop\SLAM_Mapping\Point_Cloud_Generator\VisualSFM_windows_64bit\VisualSFM_windows_64bit\Room\scene00656.jpg
2470.84106445
640 369
9.21989007896 1.69835920265 11.2769619219
-14.6220672977 0.454906083338 -1.0241560149
0.0558775318482 -0.806847574 0.198893558608
0.914535395275 0.0271382110613 -0.391864118427 0.0965972403169
0.674222840961 -0.197952154177 -0.711504208143
0.155414227245 0.979865114525 -0.125343681867
0.721990217615 -0.0260682635469 0.691412001354
-3.32020414569
0 0 0

